"Major area, region, country or area of destination",Year,Total,TotalYouth,TotalAdult,TotalElder,TotalMale,MaleYouth,MaleAdult,MaleElder,TotalFemale,FemaleYouth,FemaleAdult,FemaleElder
Burundi,1990,333110,86938,230870,15302,163267,41491,114075,7701,169843,45447,116795,7601
Comoros,1990,14079,3656,9973,450,6717,1561,4925,231,7362,2095,5048,219
Djibouti,1990,122221,41767,77766,2688,64242,22913,39825,1504,57979,18854,37941,1184
Eritrea,1990,11848,3311,8197,340,6228,1769,4305,154,5620,1542,3892,186
Ethiopia,1990,1155390,396648,711765,46977,607284,211289,373118,22877,548106,185359,338647,24100
Kenya,1990,297292,109787,172741,14764,160852,58215,94389,8248,136440,51572,78352,6516
Madagascar,1990,23917,4910,15716,3291,13348,2103,9088,2157,10569,2807,6628,1134
Malawi,1990,1127724,569896,525173,32655,546520,266422,264633,15465,581204,303474,260540,17190
Mauritius,1990,3613,1182,2103,328,1763,579,1025,159,1850,603,1078,169
Mayotte,1990,15229,4575,10354,300,8780,2311,6289,180,6449,2264,4065,120
Mozambique,1990,122332,55885,63671,2776,66060,29090,35463,1507,56272,26795,28208,1269
Réunion,1990,57210,19488,35704,2018,30724,9995,19600,1129,26486,9493,16104,889
Rwanda,1990,159869,40818,108659,10392,80690,19547,57558,3585,79179,21271,51101,6807
Seychelles,1990,3721,685,2857,179,2204,358,1761,85,1517,327,1096,94
Somalia,1990,478294,238158,234399,5737,244201,111489,129580,3132,234093,126669,104819,2605
South Sudan,1990,0,0,0,0,0,0,0,0,0,0,0,0
Uganda,1990,558307,179337,347582,31388,290084,89963,181373,18748,268223,89374,166209,12640
United Republic of Tanzania,1990,574025,187492,351748,34785,283390,90520,173885,18985,290635,96972,177863,15800
Zambia,1990,279029,95900,171830,11299,142807,48007,88578,6222,136222,47893,83252,5077
Zimbabwe,1990,626821,161731,444142,20948,352028,78684,262992,10352,274793,83047,181150,10596
Middle Africa,1990,1460530,576982,835208,48340,744494,292423,426366,25705,716036,284559,408842,22635
Angola,1990,33517,11666,20545,1306,18142,5523,11879,740,15375,6143,8666,566
Cameroon,1990,265344,94132,165601,5611,145527,50769,91254,3504,119817,43363,74347,2107
Central African Republic,1990,67234,28605,36515,2114,35686,14611,19936,1139,31548,13994,16579,975
Chad,1990,74342,29398,41364,3580,40133,15192,22602,2339,34209,14206,18762,1241
Congo,1990,129597,37215,87320,5062,64418,17269,44404,2745,65179,19946,42916,2317
Democratic Republic of the Congo,1990,754194,327138,400152,26904,363117,163871,186120,13126,391077,163267,214032,13778
Equatorial Guinea,1990,2740,757,1827,156,1465,312,1064,89,1275,445,763,67
Gabon,1990,127980,46536,78129,3315,73053,24207,46963,1883,54927,22329,31166,1432
Sao Tome and Principe,1990,5582,1535,3755,292,2953,669,2144,140,2629,866,1611,152
Northern Africa,1990,2403200,979623,1326684,96893,1230643,473015,708026,49602,1172557,506608,618658,47291
Algeria,1990,273954,70152,179996,23806,150234,39488,96903,13843,123720,30664,83093,9963
Egypt,1990,173708,74199,92496,7013,91928,37001,51862,3065,81780,37198,40634,3948
Libya,1990,457075,135930,313187,7958,242707,44858,194264,3585,214368,91072,118923,4373
Morocco,1990,54895,15311,32790,6794,29024,8675,17434,2915,25871,6636,15356,3879
Sudan,1990,1402896,674827,679019,49050,696385,338324,332901,25160,706511,336503,346118,23890
Tunisia,1990,37984,8694,27122,2168,18900,4407,13508,985,19084,4287,13614,1183
Western Sahara,1990,2688,510,2074,104,1465,262,1154,49,1223,248,920,55
Southern Africa,1990,1392359,258047,1049316,84996,840899,131312,668664,40923,551460,126735,380652,44073
Botswana,1990,27510,8742,18223,545,16614,4453,11845,316,10896,4289,6378,229
Lesotho,1990,8240,2605,5394,241,4318,1290,2932,96,3922,1315,2462,145
Namibia,1990,120641,40873,65682,14086,63748,22431,34860,6457,56893,18442,30822,7629
South Africa,1990,1163883,184926,913585,65372,717227,91729,593833,31665,446656,93197,319752,33707
Swaziland,1990,72085,20901,46432,4752,38992,11409,25194,2389,33093,9492,21238,2363
Western Africa,1990,4470503,1658649,2722688,88783,2392339,799068,1543841,49208,2078164,859581,1178847,39575
Benin,1990,76212,30721,44093,1398,40092,14719,24657,716,36120,16002,19436,682
Burkina Faso,1990,349657,230783,114392,4482,167836,116217,49652,1967,181821,114566,64740,2515
Cabo Verde,1990,8931,3986,4776,169,4429,2024,2348,57,4502,1962,2428,112
Côte d'Ivoire,1990,1816426,387554,1411973,16899,1011749,166009,833571,12169,804677,221545,578402,4730
Gambia,1990,118123,43966,71074,3083,66306,21030,43189,2087,51817,22936,27885,996
Ghana,1990,164851,90383,67102,7366,83030,44763,33825,4442,81821,45620,33277,2924
Guinea,1990,403621,193687,199550,10384,201260,97313,100100,3847,202361,96374,99450,6537
Guinea-Bissau,1990,15368,7676,7213,479,7689,3773,3652,264,7679,3903,3561,215
Liberia,1990,94964,44939,47720,2305,53924,22099,30601,1224,41040,22840,17119,1081
Mali,1990,160736,81182,70391,9163,82049,42365,34574,5110,78687,38817,35817,4053
Mauritania,1990,111650,44406,64991,2253,57569,21184,35477,908,54081,23222,29514,1345
Niger,1990,115464,36150,73622,5692,55222,16386,35445,3391,60242,19764,38177,2301
Nigeria,1990,456621,228864,221654,6103,256166,116809,135639,3718,200455,112055,86015,2385
Saint Helena,1990,383,0,0,0,222,0,0,0,161,0,0,0
Senegal,1990,270410,84080,175081,11249,138840,44295,89474,5071,131570,39785,85607,6178
Sierra Leone,1990,222242,105064,111573,5605,123053,47915,71944,3194,99189,57149,39629,2411
Togo,1990,84844,45208,37483,2153,42903,22167,19693,1043,41941,23041,17790,1110
ASIA,1990,48108431,9818087,32691840,5598504,25713711,5018246,18076454,2619011,22394720,4799841,14615386,2979493
Central Asia,1990,6630683,998602,4502906,1129175,2972500,475776,2084896,411828,3658183,522826,2418010,717347
Kazakhstan,1990,3619200,560080,2559254,499866,1666164,256485,1239494,170185,1953036,303595,1319760,329681
Kyrgyzstan,1990,623083,114853,427544,80686,260416,55085,174712,30619,362667,59768,252832,50067
Tajikistan,1990,428900,58138,272252,98510,188128,29400,120193,38535,240772,28738,152059,59975
Turkmenistan,1990,306500,41532,194557,70411,134174,21030,85793,27351,172326,20502,108764,43060
Uzbekistan,1990,1653000,223999,1049299,379702,723618,113776,464704,145138,929382,110223,584595,234564
Eastern Asia,1990,3959345,572474,2874269,512602,2005886,294061,1479508,232317,1953459,278413,1394761,280285
China,1990,376361,87558,260330,28473,191954,44056,132999,14899,184407,43502,127331,13574
"China, Hong Kong SAR",1990,2218473,175934,1636234,406305,1124544,93063,851887,179594,1093929,82871,784347,226711
"China, Macao SAR",1990,205047,30367,155928,18752,96379,14968,73962,7449,108668,15399,81966,11303
Dem. People's Republic of Korea,1990,34103,6881,24275,2947,17393,3472,12489,1432,16710,3409,11786,1515
Japan,1990,1075626,257264,764456,53906,547986,131159,389134,27693,527640,126105,375322,26213
Mongolia,1990,6718,1353,5020,345,3419,690,2578,151,3299,663,2442,194
Republic of Korea,1990,43017,13117,28026,1874,24211,6653,16459,1099,18806,6464,11567,775
Southern Asia,1990,19436343,3148045,13218144,3070154,10317706,1685153,7059284,1573269,9118637,1462892,6158860,1496885
Afghanistan,1990,57686,17363,38343,1980,32558,9597,21746,1215,25128,7766,16597,765
Bangladesh,1990,881617,343400,531378,6839,476097,187140,285181,3776,405520,156260,246197,3063
Bhutan,1990,23807,2813,20252,742,19409,1899,16989,521,4398,914,3263,221
India,1990,7493204,578517,4734933,2179754,3914396,305475,2501164,1107757,3578808,273042,2233769,1071997
Iran (Islamic Republic of),1990,4291601,1511732,2657606,122263,2456700,825407,1555176,76117,1834901,686325,1102430,46146
Maldives,1990,8689,2058,6226,405,4777,1071,3490,216,3912,987,2736,189
Nepal,1990,429974,90404,316899,22671,125966,37198,81665,7103,304008,53206,235234,15568
Pakistan,1990,6208204,598529,4882899,726776,3264380,315769,2577192,371419,2943824,282760,2305707,355357
Sri Lanka,1990,41561,3229,29608,8724,23423,1597,16681,5145,18138,1632,12927,3579
South-Eastern Asia,1990,2876616,870032,1835945,170639,1511104,441069,988468,81567,1365512,428963,847477,89072
Brunei Darussalam,1990,73200,11391,59683,2126,41856,5995,34742,1119,31344,5396,24941,1007
Cambodia,1990,38375,18272,19511,592,19084,9057,9758,269,19291,9215,9753,323
Indonesia,1990,465612,150624,302944,12044,229885,69864,153555,6466,235727,80760,149389,5578
Lao People's Democratic Republic,1990,22866,9546,12586,734,11806,4562,6918,326,11060,4984,5668,408
Malaysia,1990,695920,253437,424410,18073,405808,137238,259467,9103,290112,116199,164943,8970
Myanmar,1990,133545,33985,93515,6045,72310,18740,50429,3141,61235,15245,43086,2904
Philippines,1990,154071,48897,84378,20796,81347,22674,47876,10797,72724,26223,36502,9999
Singapore,1990,727262,101161,553284,72817,345842,52545,262063,31234,381420,48616,291221,41583
Thailand,1990,528693,228353,263994,36346,283486,113149,151743,18594,245207,115204,112251,17752
Timor-Leste,1990,8954,2626,6156,172,4450,1316,3044,90,4504,1310,3112,82
Viet Nam,1990,28118,11740,15484,894,15230,5929,8873,428,12888,5811,6611,466
Western Asia,1990,15205444,4228934,10260576,715934,8906515,2122187,6464298,320030,6298929,2106747,3796278,395904
Armenia,1990,658789,181438,394053,83298,270535,88359,153341,28835,388254,93079,240712,54463
Azerbaijan,1990,360600,59499,273860,27241,157856,29890,117840,10126,202744,29609,156020,17115
Bahrain,1990,173212,31007,141444,761,122730,16047,106210,473,50482,14960,35234,288
Cyprus,1990,43805,14912,25995,2898,20463,7484,11721,1258,23342,7428,14274,1640
Georgia,1990,304470,52715,216071,35684,133285,28534,90951,13800,171185,24181,125120,21884
Iraq,1990,83638,28987,51930,2721,55751,18227,35907,1617,27887,10760,16023,1104
Israel,1990,1632704,165742,1101564,365398,770777,85252,522604,162921,861927,80490,578960,202477
Jordan,1990,1146349,555449,544467,46433,586473,283746,279105,23622,559876,271703,265362,22811
Kuwait,1990,1074391,508891,550332,15168,654878,266235,378883,9760,419513,242656,171449,5408
Lebanon,1990,523693,235408,271892,16393,267922,119902,140248,7772,255771,115506,131644,8621
Oman,1990,304000,38960,264182,858,242477,20517,221476,484,61523,18443,42706,374
Qatar,1990,309753,83940,223579,2234,225932,47846,176719,1367,83821,36094,46860,867
Saudi Arabia,1990,4998445,1268316,3697918,32211,3324873,583789,2724331,16753,1673572,684527,973587,15458
State of Palestine,1990,288332,104323,154448,29561,132101,52976,65035,14090,156231,51347,89413,15471
Syrian Arab Republic,1990,714140,126101,585374,2665,364077,63303,299590,1184,350063,62798,285784,1481
Turkey,1990,1163686,397878,721943,43865,577329,208425,347418,21486,586357,189453,374525,22379
United Arab Emirates,1990,1306574,316774,983764,6036,932046,171934,756703,3409,374528,144840,227061,2627
Yemen,1990,118863,58594,57760,2509,67010,29721,36216,1073,51853,28873,21544,1436
EUROPE,1990,49232191,7540486,35404090,6286845,23953674,3865329,17584408,2503561,25278517,3675157,17819682,3783284
Eastern Europe,1990,21995312,3629565,15320424,3045323,10201263,1838248,7268577,1094438,11794049,1791317,8051847,1950885
Belarus,1990,1248977,198290,899700,150987,572021,98076,420091,53854,676956,100214,479609,97133
Bulgaria,1990,21510,5110,15467,933,9047,2658,6170,219,12463,2452,9297,714
Czechia,1990,110394,6497,76909,26988,57405,3744,41751,11910,52989,2753,35158,15078
Hungary,1990,347510,61116,198995,87399,156185,31495,92242,32448,191325,29621,106753,54951
Poland,1990,1127771,89102,603067,435602,482176,39329,275288,167559,645595,49773,327779,268043
Republic of Moldova,1990,544162,70137,359617,114408,239616,36700,162538,40378,304546,33437,197079,74030
Romania,1990,135825,2098,70438,63289,57601,1086,32841,23674,78224,1012,37597,39615
Russian Federation,1990,11524948,2232283,8282404,1010261,5655422,1162331,4173215,319876,5869526,1069952,4109189,690385
Slovakia,1990,41295,4139,28187,8969,18187,2090,12755,3342,23108,2049,15432,5627
Ukraine,1990,6892920,960793,4785640,1146487,2953603,460739,2051686,441178,3939317,500054,2733954,705309
Northern Europe,1990,6645605,840484,4887843,917278,3176421,423304,2374880,378237,3469184,417180,2512963,539041
Channel Islands,1990,61660,4538,47647,9475,29005,2229,22899,3877,32655,2309,24748,5598
Denmark,1990,235189,47917,165377,21895,114411,22447,85710,6254,120778,25470,79667,15641
Estonia,1990,381997,37059,295853,49085,171691,20631,137067,13993,210306,16428,158786,35092
Faeroe Islands,1990,4285,1385,2752,148,2440,760,1624,56,1845,625,1128,92
Finland,1990,63255,23392,32390,7473,31682,11897,17418,2367,31573,11495,14972,5106
Iceland,1990,9584,3273,5825,486,4248,1610,2560,78,5336,1663,3265,408
Ireland,1990,227961,67216,142249,18496,112093,34688,70055,7350,115868,32528,72194,11146
Isle of Man,1990,34769,4705,21917,8147,16371,2401,10558,3412,18398,2304,11359,4735
Latvia,1990,646007,27302,462096,156609,290800,14553,218716,57531,355207,12749,243380,99078
Lithuania,1990,349258,33438,250845,64975,164585,17957,122631,23997,184673,15481,128214,40978
Norway,1990,192587,34684,142627,15276,99562,17534,76367,5661,93025,17150,66260,9615
Sweden,1990,788767,109348,590145,89274,383085,48306,297746,37033,405682,61042,292399,52241
United Kingdom,1990,3650286,446227,2728120,475939,1756448,228291,1311529,216628,1893838,217936,1416591,259311
Southern Europe,1990,4340454,1006286,2875922,457476,2062811,520688,1361854,179893,2277643,485598,1514068,277583
Albania,1990,66013,15681,47463,2869,30579,8713,21037,829,35434,6968,26426,2040
Andorra,1990,38904,6512,28903,3489,20810,3300,15637,1873,18094,3212,13266,1616
Bosnia and Herzegovina,1990,56000,7318,40619,8063,26538,3989,18968,3581,29462,3329,21651,4482
Croatia,1990,475438,39798,384221,51419,222531,20045,183826,18660,252907,19753,200395,32759
Gibraltar,1990,8709,2136,6343,230,4528,1069,3334,125,4181,1067,3009,105
Greece,1990,618139,182429,389096,46614,330038,103556,202072,24410,288101,78873,187024,22204
Holy See,1990,768,0,0,0,376,0,0,0,392,0,0,0
Italy,1990,1428221,324018,923178,181025,642414,163136,416640,62638,785807,160882,506538,118387
Malta,1990,15077,5407,8255,1415,7012,2721,3696,595,8065,2686,4559,820
Montenegro,1990,0,0,0,0,0,0,0,0,0,0,0,0
Portugal,1990,435782,155751,258640,21391,209922,78636,123422,7864,225860,77115,135218,13527
San Marino,1990,3310,628,2554,128,1728,311,1356,61,1582,317,1198,67
Serbia,1990,99269,15461,67182,16626,46712,8236,31311,7165,52557,7225,35871,9461
Slovenia,1990,178077,9692,145708,22677,89514,4737,74771,10006,88563,4955,70937,12671
Spain,1990,821605,231265,502512,87828,390448,117203,236208,37037,431157,114062,266304,50791
TFYR Macedonia,1990,95142,10190,71248,13704,39661,5036,29576,5049,55481,5154,41672,8655
Western Europe,1990,16250820,2064151,12319901,1866768,8513179,1083089,6579097,850993,7737641,981062,5740804,1015775
Austria,1990,793239,111037,573617,108585,368287,54974,276534,36779,424952,56063,297083,71806
Belgium,1990,904528,279388,563757,61383,487446,142613,314230,30603,417082,136775,249527,30780
France,1990,5897267,557862,4327692,1011713,2999376,284830,2267272,447274,2897891,273032,2060420,564439
Germany,1990,5936181,738892,4762472,434817,3293128,416840,2635442,240846,2643053,322052,2127030,193971
Liechtenstein,1990,10906,3125,7097,684,5956,1668,3946,342,4950,1457,3151,342
Luxembourg,1990,113795,16184,86385,11226,56062,8129,43706,4227,57733,8055,42679,6999
Monaco,1990,20359,2183,12778,5398,9471,1076,6124,2271,10888,1107,6654,3127
Netherlands,1990,1182263,199291,864682,118290,592343,92147,447193,53003,589920,107144,417489,65287
Switzerland,1990,1392282,156189,1121421,114672,701110,80812,584650,35648,691172,75377,536771,79024
LATIN AMERICA AND THE CARIBBEAN,1990,7169728,1597524,4421481,1150723,3597037,808769,2236327,551941,3572691,788755,2185154,598782
Caribbean,1990,1056555,357463,614302,84790,549666,194336,309535,45795,506889,163127,304767,38995
Anguilla,1990,2570,854,1614,102,1258,410,812,36,1312,444,802,66
Antigua and Barbuda,1990,12029,3385,7977,667,5775,1588,3896,291,6254,1797,4081,376
Aruba,1990,14444,3069,9527,1848,6429,1532,4080,817,8015,1537,5447,1031
Bahamas,1990,26855,3299,21051,2505,13827,1618,11003,1206,13028,1681,10048,1299
Barbados,1990,24024,5411,16196,2417,10065,2666,6488,911,13959,2745,9708,1506
British Virgin Islands,1990,8035,1688,6104,243,4126,844,3153,129,3909,844,2951,114
Caribbean Netherlands,1990,38410,7458,29315,1637,17257,3652,12885,720,21153,3806,16430,917
Cayman Islands,1990,9387,1735,7332,320,4622,851,3617,154,4765,884,3715,166
Cuba,1990,34555,2090,18955,13510,17278,1016,8399,7863,17277,1074,10556,5647
Curaçao,1990,0,0,0,0,0,0,0,0,0,0,0,0
Dominica,1990,2519,1305,1080,134,1309,598,637,74,1210,707,443,60
Dominican Republic,1990,291151,131731,139355,20065,181677,81563,87429,12685,109474,50168,51926,7380
Grenada,1990,4263,2158,1889,216,2106,1080,913,113,2157,1078,976,103
Guadeloupe,1990,65944,20777,43245,1922,32718,10823,20979,916,33226,9954,22266,1006
Haiti,1990,19084,3996,14366,722,10606,2267,7939,400,8478,1729,6427,322
Jamaica,1990,20475,6442,10749,3284,9981,3307,5183,1491,10494,3135,5566,1793
Martinique,1990,38705,15049,22358,1298,19091,7528,10990,573,19614,7521,11368,725
Montserrat,1990,2013,472,1367,174,1029,229,722,78,984,243,645,96
Puerto Rico,1990,321909,121383,189406,11120,153354,60581,87598,5175,168555,60802,101808,5945
Saint Kitts and Nevis,1990,3210,1142,1752,316,1642,585,901,156,1568,557,851,160
Saint Lucia,1990,5305,1846,3088,371,2616,913,1518,185,2689,933,1570,186
Saint Vincent and the Grenadines,1990,3970,1789,1919,262,1928,897,920,111,2042,892,999,151
Sint Maarten (Dutch part),1990,0,0,0,0,0,0,0,0,0,0,0,0
Trinidad and Tobago,1990,50666,6564,26335,17767,23528,2945,10669,9914,27138,3619,15666,7853
Turks and Caicos Islands,1990,5062,1580,3363,119,2620,767,1789,64,2442,813,1574,55
United States Virgin Islands,1990,51970,12240,35959,3771,24824,6076,17015,1733,27146,6164,18944,2038
Central America,1990,1829911,697355,1011310,121246,903333,342533,498754,62046,926578,354822,512556,59200
Belize,1990,30404,10276,18734,1394,16393,5216,10358,819,14011,5060,8376,575
Costa Rica,1990,417628,114252,278783,24593,212173,58100,141048,13025,205455,56152,137735,11568
El Salvador,1990,47360,22446,21743,3171,22218,11204,9592,1422,25142,11242,12151,1749
Guatemala,1990,264257,73729,181304,9224,112615,36043,72228,4344,151642,37686,109076,4880
Honduras,1990,270423,86926,173789,9708,137573,37738,93855,5980,132850,49188,79934,3728
Mexico,1990,695674,357804,274886,62984,348353,178138,139392,30823,347321,179666,135494,32161
Nicaragua,1990,41421,20751,18354,2316,20860,10351,9333,1176,20561,10400,9021,1140
Panama,1990,62744,11171,43717,7856,33148,5743,22948,4457,29596,5428,20769,3399
South America,1990,4283262,542706,2795869,944687,2144038,271900,1428038,444100,2139224,270806,1367831,500587
Argentina,1990,1649919,128981,1048557,472381,788130,63406,509878,214846,861789,65575,538679,257535
Bolivia (Plurinational State of),1990,73758,26951,43102,3705,37549,13651,22043,1855,36209,13300,21059,1850
Brazil,1990,798517,43579,488751,266187,426147,21247,277241,127659,372370,22332,211510,138528
Chile,1990,107501,40113,50271,17117,54547,20405,26057,8085,52954,19708,24214,9032
Colombia,1990,104277,56338,41703,6236,53109,27812,22038,3259,51168,28526,19665,2977
Ecuador,1990,78663,22635,51382,4646,38531,11021,25065,2445,40132,11614,26317,2201
Falkland Islands (Malvinas),1990,855,188,631,36,488,109,360,19,367,79,271,17
French Guiana,1990,63612,19439,42910,1263,34843,10575,23520,748,28769,8864,19390,515
Guyana,1990,4095,1761,2148,186,2200,872,1214,114,1895,889,934,72
Paraguay,1990,195884,70838,117004,8042,102816,35842,62775,4199,93068,34996,54229,3843
Peru,1990,65025,15937,38034,11054,32538,8244,19389,4905,32487,7693,18645,6149
Suriname,1990,18031,6272,10594,1165,9731,3260,5804,667,8300,3012,4790,498
Uruguay,1990,98116,11901,53473,32742,45830,6038,25040,14752,52286,5863,28433,17990
Venezuela (Bolivarian Republic of),1990,1025009,97773,807309,119927,517579,49418,407614,60547,507430,48355,399695,59380
NORTHERN AMERICA,1990,27610542,3560996,20301630,3747916,13497319,1866158,10113209,1517952,14113223,1694838,10188421,2229964
Bermuda,1990,15683,1767,12417,1499,7557,887,6079,591,8126,880,6338,908
Canada,1990,4333318,419649,3177221,736448,2109652,215765,1575247,318640,2223666,203884,1601974,417808
Greenland,1990,9416,1810,7500,106,6565,961,5520,84,2851,849,1980,22
Saint Pierre and Miquelon,1990,1099,322,694,83,560,161,382,17,539,161,312,66
United States of America,1990,23251026,3137448,17103798,3009780,11372985,1648384,8525981,1198620,11878041,1489064,8577817,1811160
OCEANIA,1990,4730858,558205,3486417,686236,2415042,288417,1806480,320145,2315816,269788,1679937,366091
Australia/New Zealand,1990,4473260,493518,3304334,675408,2271419,254530,1702709,314180,2201841,238988,1601625,361228
Australia,1990,3955213,418670,2947305,589238,2013196,216207,1520945,276044,1942017,202463,1426360,313194
New Zealand,1990,518047,74848,357029,86170,258223,38323,181764,38136,259824,36525,175265,48034
Melanesia,1990,90210,21590,63571,5049,50143,11163,36130,2850,40067,10427,27441,2199
Fiji,1990,13283,3232,8872,1179,6847,1712,4500,635,6436,1520,4372,544
New Caledonia,1990,37673,6964,27841,2868,20885,3682,15577,1626,16788,3282,12264,1242
Papua New Guinea,1990,32720,9993,21975,752,18793,5045,13291,457,13927,4948,8684,295
Solomon Islands,1990,4226,772,3311,143,2349,388,1885,76,1877,384,1426,67
Vanuatu,1990,2308,629,1572,107,1269,336,877,56,1039,293,695,51
Micronesia,1990,108969,24081,81228,3660,60858,12348,46488,2022,48111,11733,34740,1638
Guam,1990,69755,17059,49649,3047,39364,8954,28696,1714,30391,8105,20953,1333
Kiribati,1990,2162,990,1114,58,1107,492,589,26,1055,498,525,32
Marshall Islands,1990,1158,260,846,52,721,161,540,20,437,99,306,32
Micronesia (Fed. States of),1990,3685,1038,2592,55,2099,437,1633,29,1586,601,959,26
Nauru,1990,2815,651,2049,115,1506,359,1086,61,1309,292,963,54
Northern Mariana Islands,1990,26593,3500,22790,303,14261,1612,12495,154,12332,1888,10295,149
Palau,1990,2801,583,2188,30,1800,333,1449,18,1001,250,739,12
Polynesia,1990,58419,19016,37284,2119,32622,10376,21153,1093,25797,8640,16131,1026
American Samoa,1990,21283,6409,14233,641,11175,3319,7528,328,10108,3090,6705,313
Cook Islands,1990,2587,1344,1128,115,1443,741,646,56,1144,603,482,59
French Polynesia,1990,25830,6908,18010,912,15444,4053,10894,497,10386,2855,7116,415
Niue,1990,461,230,215,16,245,111,127,7,216,119,88,9
Samoa,1990,3357,1834,1309,214,1771,979,691,101,1586,855,618,113
Tokelau,1990,270,168,95,7,150,89,60,1,120,79,35,6
Tonga,1990,2911,1375,1381,155,1488,697,713,78,1423,678,668,77
Tuvalu,1990,318,61,225,32,180,42,125,13,138,19,100,19
Wallis and Futuna Islands,1990,1402,687,688,27,726,345,369,12,676,342,319,15
WORLD,1995,160700028,28409929,113497199,18791727,81394711,14404269,58868250,8121596,79305317,14005660,54628949,10670131
More developed regions,1995,92331345,12256436,68473609,11600521,45105749,6235310,34078789,4791272,47225596,6021126,34394820,6809249
Less developed regions,1995,68368683,16153493,45023590,7191206,36288962,8168959,24789461,3330324,32079721,7984534,20234129,3860882
Least developed countries,1995,11708074,4482556,6741575,483943,5837124,2253043,3349734,234347,5870950,2229513,3391841,249596
"Less developed regions, excluding least developed countries",1995,56701134,11676817,38312375,6711548,30473289,5918868,21456002,3098201,26227845,5757949,16856373,3613347
High-income countries,1995,86645274,12133528,64391725,10120021,44382281,6180984,33859945,4341352,42262993,5952544,30531780,5778669
Middle-income countries,1995,64413423,12616863,43539741,8256819,32244515,6392515,22269368,3582632,32168908,6224348,21270373,4674187
Upper-middle-income countries,1995,33181319,6650009,22837531,3693779,16820033,3410582,11861307,1548144,16361286,3239427,10976224,2145635
Lower-middle-income countries,1995,31232104,5966854,20702210,4563040,15424482,2981933,10408061,2034488,15807622,2984921,10294149,2528552
Low-income countries,1995,9287911,3556150,5330068,401693,4589700,1778285,2620362,191053,4698211,1777865,2709706,210640
Sub-Saharan Africa,1995,15324570,5566006,9151825,606345,8036824,2775587,4949186,311833,7287746,2790419,4202639,294512
AFRICA,1995,16352814,5859852,9837387,655181,8616931,2912219,5369662,334832,7735883,2947633,4467725,320349
Eastern Africa,1995,5022742,1668504,3097177,257061,2585053,838869,1614127,132057,2437689,829635,1483050,125004
Burundi,1995,254853,66514,176633,11706,124165,31544,86763,5858,130688,34970,89870,5848
Comoros,1995,13939,3568,9916,455,6614,1535,4848,231,7325,2033,5068,224
Djibouti,1995,99774,31030,66305,2439,52476,16984,34140,1352,47298,14046,32165,1087
Eritrea,1995,12400,3393,8667,340,6542,1820,4565,157,5858,1573,4102,183
Ethiopia,1995,806904,262071,513205,31628,424117,139628,269069,15420,382787,122443,244136,16208
Kenya,1995,618745,285736,311046,21963,322189,148222,162357,11610,296556,137514,148689,10353
Madagascar,1995,21177,4233,14121,2823,11901,1785,8147,1969,9276,2448,5974,854
Malawi,1995,241624,71144,132804,37676,116198,34508,65111,16579,125426,36636,67693,21097
Mauritius,1995,7493,2152,4911,430,3228,938,2101,189,4265,1214,2810,241
Mayotte,1995,26316,8398,17695,223,14679,4337,10203,139,11637,4061,7492,84
Mozambique,1995,168256,76865,87573,3818,91210,40180,48952,2078,77046,36685,38621,1740
Réunion,1995,77159,23983,50242,2934,40710,12043,26999,1668,36449,11940,23243,1266
Rwanda,1995,233200,60258,160553,12389,117931,29047,84396,4488,115269,31211,76157,7901
Seychelles,1995,5148,947,3955,246,3021,487,2415,119,2127,460,1540,127
Somalia,1995,19527,9634,9642,251,10282,4672,5476,134,9245,4962,4166,117
South Sudan,1995,0,0,0,0,0,0,0,0,0,0,0,0
Uganda,1995,634620,202080,396148,36392,321360,99276,201503,20581,313260,102804,194645,15811
United Republic of Tanzania,1995,1106043,361262,677750,67031,547089,174606,335516,36967,558954,186656,342234,30064
Zambia,1995,244338,83975,150464,9899,125329,41967,78110,5252,119009,42008,72354,4647
Zimbabwe,1995,431226,111261,305547,14418,246012,55290,183456,7266,185214,55971,122091,7152
Middle Africa,1995,2646108,1177183,1384608,84317,1346091,606981,698703,40407,1300017,570202,685905,43910
Angola,1995,39813,13033,25091,1689,20755,5934,14025,796,19058,7099,11066,893
Cameroon,1995,246864,77093,162474,7297,135079,41305,89236,4538,111785,35788,73238,2759
Central African Republic,1995,99712,35869,60219,3624,52975,18177,32848,1950,46737,17692,27371,1674
Chad,1995,89584,28930,56190,4464,48298,15142,30278,2878,41286,13788,25912,1586
Congo,1995,191635,60608,124574,6453,95822,28615,63689,3518,95813,31993,60885,2935
Democratic Republic of the Congo,1995,1816963,906299,854232,56432,901379,468841,408218,24320,915584,437458,446014,32112
Equatorial Guinea,1995,3629,931,2504,194,1930,373,1460,97,1699,558,1044,97
Gabon,1995,152972,53475,95746,3751,87305,28170,57029,2106,65667,25305,38717,1645
Sao Tome and Principe,1995,4936,945,3578,413,2548,424,1920,204,2388,521,1658,209
Northern Africa,1995,2081640,788078,1191553,102009,1105808,385376,669579,50853,975832,402702,521974,51156
Algeria,1995,262032,64842,173987,23203,143696,34627,98208,10861,118336,30215,75779,12342
Egypt,1995,166955,59380,100586,6989,88545,29751,55510,3284,78410,29629,45076,3705
Libya,1995,508041,147160,350918,9963,300906,60174,235655,5077,207135,86986,115263,4886
Morocco,1995,50360,13673,30691,5996,26264,7560,16174,2530,24096,6113,14517,3466
Sudan,1995,1053396,494232,505991,53173,525701,248744,249103,27854,527695,245488,256888,25319
Tunisia,1995,37867,8194,27138,2535,19045,4209,13662,1174,18822,3985,13476,1361
Western Sahara,1995,2989,597,2242,150,1651,311,1267,73,1338,286,975,77
Southern Africa,1995,1191582,217279,882254,92049,714194,116297,551021,46876,477388,100982,331233,45173
Botswana,1995,40168,11591,27646,931,23517,5849,17153,515,16651,5742,10493,416
Lesotho,1995,7204,2378,4639,187,3827,1219,2536,72,3377,1159,2103,115
Namibia,1995,115372,36212,66322,12838,61310,19638,35675,5997,54062,16574,30647,6841
South Africa,1995,1003807,160782,766549,76476,611083,85955,485714,39414,392724,74827,280835,37062
Swaziland,1995,25031,6316,17098,1617,14457,3636,9943,878,10574,2680,7155,739
Western Africa,1995,5410742,2008808,3281795,119745,2865785,964696,1836232,64639,2544957,1044112,1445563,55106
Benin,1995,104971,42314,60733,1924,55858,20557,34301,1000,49113,21757,26432,924
Burkina Faso,1995,434848,287012,142263,5573,209117,144778,61888,2451,225731,142234,80375,3122
Cabo Verde,1995,9979,2270,7411,298,5091,1202,3779,110,4888,1068,3632,188
Côte d'Ivoire,1995,2076394,418274,1633290,24830,1150710,175674,957197,17839,925684,242600,676093,6991
Gambia,1995,150890,56473,90775,3642,82048,26396,53270,2382,68842,30077,37505,1260
Ghana,1995,252879,138437,102783,11659,127423,68893,52052,6478,125456,69544,50731,5181
Guinea,1995,774505,375743,378937,19825,386537,188677,190724,7136,387968,187066,188213,12689
Guinea-Bissau,1995,27961,13621,13501,839,13833,6596,6774,463,14128,7025,6727,376
Liberia,1995,208563,93137,110688,4738,111647,40733,68431,2483,96916,52404,42257,2255
Mali,1995,176187,92087,75883,8217,90871,48438,37891,4542,85316,43649,37992,3675
Mauritania,1995,89562,35263,52411,1888,47015,16610,29507,898,42547,18653,22904,990
Niger,1995,145999,47151,91578,7270,69751,21682,43719,4350,76248,25469,47859,2920
Nigeria,1995,462999,231102,225239,6658,258091,117679,136251,4161,204908,113423,88988,2497
Saint Helena,1995,394,0,0,0,218,0,0,0,176,0,0,0
Senegal,1995,287654,76054,194523,17077,147165,39727,99830,7608,140489,36327,94693,9469
Sierra Leone,1995,105374,47107,55985,2282,59683,21635,36751,1297,45691,25472,19234,985
Togo,1995,101583,52763,45795,3025,50727,25419,23867,1441,50856,27344,21928,1584
ASIA,1995,46422010,9126259,31785296,5510455,24841806,4663710,17676529,2501567,21580204,4462549,14108767,3008888
Central Asia,1995,5890035,834050,3983711,1072274,2635584,405032,1864604,365948,3254451,429018,2119107,706326
Kazakhstan,1995,3245250,461769,2283763,499718,1494009,219384,1129190,145435,1751241,242385,1154573,354283
Kyrgyzstan,1995,510296,87767,342745,79784,213277,42250,140682,30345,297019,45517,202063,49439
Tajikistan,1995,348347,42478,223402,82467,151957,21441,98302,32214,196390,21037,125100,50253
Turkmenistan,1995,273565,37068,173646,62851,118851,18673,75998,24180,154714,18395,97648,38671
Uzbekistan,1995,1512577,204968,960155,347454,657490,103284,420432,133774,855087,101684,539723,213680
Eastern Asia,1995,4658475,633426,3372144,652905,2266526,325104,1652257,289165,2391949,308322,1719887,363740
China,1995,442198,99586,307635,34977,223018,50437,154328,18253,219180,49149,153307,16724
"China, Hong Kong SAR",1995,2443798,206168,1723211,514419,1175087,110030,839747,225310,1268711,96138,883464,289109
"China, Macao SAR",1995,224929,27062,173988,23879,103660,12660,81385,9615,121269,14402,92603,14264
Dem. People's Republic of Korea,1995,35143,6926,25260,2957,17562,3484,12661,1417,17581,3442,12599,1540
Japan,1995,1381097,272621,1035785,72691,672482,138326,501372,32784,708615,134295,534413,39907
Mongolia,1995,7424,1233,5887,304,3959,566,3273,120,3465,667,2614,184
Republic of Korea,1995,123886,19830,100378,3678,70758,9601,59491,1666,53128,10229,40887,2012
Southern Asia,1995,15343019,2151099,10603368,2588552,8081091,1147880,5617335,1315876,7261928,1003219,4986033,1272676
Afghanistan,1995,71522,20802,48478,2242,39105,11032,26749,1324,32417,9770,21729,918
Bangladesh,1995,934735,242178,677204,15353,503989,128990,366550,8449,430746,113188,310654,6904
Bhutan,1995,27972,3210,23813,949,22804,2168,19974,662,5168,1042,3839,287
India,1995,6952238,481027,4450917,2020294,3608978,252438,2337281,1019259,3343260,228589,2113636,1001035
Iran (Islamic Republic of),1995,2937668,942548,1912633,82487,1705972,520205,1133882,51885,1231696,422343,778751,30602
Maldives,1995,18510,4212,13455,843,9243,1943,6893,407,9267,2269,6562,436
Nepal,1995,690225,136584,515931,37710,217088,60233,145098,11757,473137,76351,370833,25953
Pakistan,1995,3669308,317131,2933005,419172,1951223,169168,1565476,216579,1718085,147963,1367529,202593
Sri Lanka,1995,40841,3407,27932,9502,22689,1703,15432,5554,18152,1704,12500,3948
South-Eastern Asia,1995,3700057,1028216,2449048,222793,1916620,511558,1299526,105536,1783437,516658,1149522,117257
Brunei Darussalam,1995,84748,11232,71283,2233,47832,5785,40897,1150,36916,5447,30386,1083
Cambodia,1995,92230,37438,51779,3013,45361,18273,25707,1381,46869,19165,26072,1632
Indonesia,1995,378960,125472,243913,9575,191600,60028,126318,5254,187360,65444,117595,4321
Lao People's Democratic Republic,1995,23526,6953,15577,996,12199,3146,8597,456,11327,3807,6980,540
Malaysia,1995,937368,283485,631975,21908,534964,148337,375658,10969,402404,135148,256317,10939
Myanmar,1995,113663,28743,79580,5340,61489,15951,42802,2736,52174,12792,36778,2604
Philippines,1995,207345,61137,124023,22185,107524,27739,68303,11482,99821,33398,55720,10703
Singapore,1995,991492,148891,739938,102663,456411,75328,337095,43988,535081,73563,402843,58675
Thailand,1995,809720,300603,456068,53049,426290,144876,254247,27167,383430,155727,201821,25882
Timor-Leste,1995,9743,2862,6688,193,4763,1402,3260,101,4980,1460,3428,92
Viet Nam,1995,51262,21400,28224,1638,28187,10693,16642,852,23075,10707,11582,786
Western Asia,1995,16830424,4479468,11377025,973931,9941985,2274136,7242807,425042,6888439,2205332,4134218,548889
Armenia,1995,693999,168674,414135,111190,284995,82864,163908,38223,409004,85810,250227,72967
Azerbaijan,1995,344070,53425,247807,42838,149509,26814,106777,15918,194561,26611,141030,26920
Bahrain,1995,205979,46766,155006,4207,144227,23831,117806,2590,61752,22935,37200,1617
Cyprus,1995,61941,15517,42625,3799,27604,7891,18011,1702,34337,7626,24614,2097
Georgia,1995,152235,23269,93110,35856,66643,12725,39823,14095,85592,10544,53287,21761
Iraq,1995,199460,58251,135549,5660,114821,30334,81782,2705,84639,27917,53767,2955
Israel,1995,1792185,209972,1103994,478219,830330,107500,518351,204479,961855,102472,585643,273740
Jordan,1995,1537097,732625,742083,62389,784725,369184,384193,31348,752372,363441,357890,31041
Kuwait,1995,921954,364359,543641,13954,591452,197901,385051,8500,330502,166458,158590,5454
Lebanon,1995,608303,260624,328567,19112,310613,132309,169295,9009,297690,128315,159272,10103
Oman,1995,539643,69163,468956,1524,417444,32530,384131,783,122199,36633,84825,741
Qatar,1995,361673,101938,256560,3175,269972,63724,204045,2203,91701,38214,52515,972
Saudi Arabia,1995,5122702,1262216,3820693,39793,3416485,598446,2795412,22627,1706217,663770,1025281,17166
State of Palestine,1995,281767,125766,121965,34036,128328,63915,49759,14654,153439,61851,72206,19382
Syrian Arab Republic,1995,830610,155799,670076,4735,423115,77416,343636,2063,407495,78383,326440,2672
Turkey,1995,1216173,328979,785886,101308,593938,171849,374380,47709,622235,157130,411506,53599
United Arab Emirates,1995,1824118,442251,1373437,8430,1309952,244446,1060661,4845,514166,197805,312776,3585
Yemen,1995,136515,59874,72935,3706,77832,30457,45786,1589,58683,29417,27149,2117
EUROPE,1995,52867154,7514411,38413501,6938463,25648756,3830412,18997233,2820733,27218398,3683999,19416268,4117730
Eastern Europe,1995,21344124,3227318,15040149,3076657,10022332,1627061,7258787,1136484,11321792,1600257,7781362,1940173
Belarus,1995,1186282,178635,845231,162416,543307,88743,394420,60144,642975,89892,450811,102272
Bulgaria,1995,32435,5699,21857,4879,13642,3046,8938,1658,18793,2653,12919,3221
Czechia,1995,165592,9799,112029,43764,88316,5658,62932,19726,77276,4141,49097,24038
Hungary,1995,322234,45464,192891,83879,147202,23701,91248,32253,175032,21763,101643,51626
Poland,1995,964725,68044,479646,417035,404049,29762,215797,158490,560676,38282,263849,258545
Republic of Moldova,1995,367231,45529,242007,79695,161706,23747,109925,28034,205525,21782,132082,51661
Romania,1995,135037,8254,67765,59018,63282,4239,35374,23669,71755,4015,32391,35349
Russian Federation,1995,11928927,2000013,8745308,1183606,5925452,1021327,4429447,474678,6003475,978686,4315861,708928
Slovakia,1995,69323,5531,48069,15723,30531,2798,21798,5935,38792,2733,26271,9788
Ukraine,1995,6172338,860350,4285346,1026642,2644845,424040,1888908,331897,3527493,436310,2396438,694745
Northern Europe,1995,7194824,891137,5262334,1041353,3404174,454536,2525790,423848,3790650,436601,2736544,617505
Channel Islands,1995,60519,4457,46771,9291,28468,2187,22473,3808,32051,2270,24298,5483
Denmark,1995,303108,58030,220636,24442,147194,28013,110951,8230,155914,30017,109685,16212
Estonia,1995,315755,22490,234445,58820,136268,12338,106217,17713,179487,10152,128228,41107
Faeroe Islands,1995,2900,842,1904,154,1575,444,1071,60,1325,398,833,94
Finland,1995,99729,27423,63978,8328,49575,13944,32812,2819,50154,13479,31166,5509
Iceland,1995,12738,3378,8597,763,5727,1658,3921,148,7011,1720,4676,615
Ireland,1995,226892,49285,159492,18115,108084,24840,75635,7609,118808,24445,83857,10506
Isle of Man,1995,36886,4206,24328,8352,17548,2181,11943,3424,19338,2025,12385,4928
Latvia,1995,538093,20806,375287,142000,234216,10970,173770,49476,303877,9836,201517,92524
Lithuania,1995,273587,18108,193012,62467,128641,9627,94423,24591,144946,8481,98589,37876
Norway,1995,233302,42386,174257,16659,117222,21272,89625,6325,116080,21114,84632,10334
Sweden,1995,936022,136525,681274,118223,450945,69464,337365,44116,485077,67061,343909,74107
United Kingdom,1995,4155293,503201,3078353,573739,1978711,257598,1465584,255529,2176582,245603,1612769,318210
Southern Europe,1995,5985675,1113977,4235418,635501,2856852,573740,2029678,253056,3128823,540237,2205740,382445
Albania,1995,71354,23067,43681,4606,33284,12728,19250,1306,38070,10339,24431,3300
Andorra,1995,40525,5880,30360,4285,21451,2952,16275,2224,19074,2928,14085,2061
Bosnia and Herzegovina,1995,69476,11924,48896,8656,33115,6493,22788,3834,36361,5431,26108,4822
Croatia,1995,674085,67661,512536,93888,315733,34349,244857,36527,358352,33312,267679,57361
Gibraltar,1995,8381,2222,5898,261,4196,1037,3016,143,4185,1185,2882,118
Greece,1995,857850,225837,587736,44277,445004,120547,303689,20768,412846,105290,284047,23509
Holy See,1995,780,0,0,0,378,0,0,0,402,0,0,0
Italy,1995,1774953,327409,1260152,187392,809553,165919,578690,64944,965400,161490,681462,122448
Malta,1995,17740,5289,10914,1537,8366,2717,4994,655,9374,2572,5920,882
Montenegro,1995,0,0,0,0,0,0,0,0,0,0,0,0
Portugal,1995,532822,159724,343933,29165,259337,81815,166441,11081,273485,77909,177492,18084
San Marino,1995,3659,599,2938,122,1940,278,1600,62,1719,321,1338,60
Serbia,1995,630221,62643,423700,143878,289545,33219,195724,60602,340676,29424,227976,83276
Slovenia,1995,174419,14385,141325,18709,90255,7318,74286,8651,84164,7067,67039,10058
Spain,1995,1020067,196230,742384,81453,499114,98687,364820,35607,520953,97543,377564,45846
TFYR Macedonia,1995,109343,11107,80965,17271,45581,5681,33248,6652,63762,5426,47717,10619
Western Europe,1995,18342531,2281979,13875600,2184952,9365398,1175075,7182978,1007345,8977133,1106904,6692622,1177607
Austria,1995,894893,100745,673279,120869,423302,50750,328667,43885,471591,49995,344612,76984
Belgium,1995,909769,230619,601889,77261,481022,116942,326129,37951,428747,113677,275760,39310
France,1995,6087993,528630,4478645,1080718,3046083,268121,2299010,478952,3041910,260509,2179635,601766
Germany,1995,7464406,913461,5888330,662615,3898397,486556,3069037,342804,3566009,426905,2819293,319811
Liechtenstein,1995,13311,3816,8665,830,7068,1989,4682,397,6243,1827,3983,433
Luxembourg,1995,126106,17258,96918,11930,62292,8685,48907,4700,63814,8573,48011,7230
Monaco,1995,21060,2207,13342,5511,9955,1103,6491,2361,11105,1104,6851,3150
Netherlands,1995,1346164,204128,1015681,126355,668236,95490,514884,57862,677928,108638,500797,68493
Switzerland,1995,1478829,281115,1098851,98863,769043,145439,585171,38433,709786,135676,513680,60430
LATIN AMERICA AND THE CARIBBEAN,1995,6694640,1373741,4236061,1084838,3349769,697268,2133120,519381,3344871,676473,2102941,565457
Caribbean,1995,1154700,332899,732550,89251,596692,179151,370861,46680,558008,153748,361689,42571
Anguilla,1995,3317,988,2200,129,1584,461,1076,47,1733,527,1124,82
Antigua and Barbuda,1995,17550,4842,11899,809,8046,2161,5549,336,9504,2681,6350,473
Aruba,1995,22274,4189,16985,1100,9974,2101,7386,487,12300,2088,9599,613
Bahamas,1995,31654,3886,24809,2959,16620,1963,13294,1363,15034,1923,11515,1596
Barbados,1995,26224,5013,19003,2208,11235,2500,7896,839,14989,2513,11107,1369
British Virgin Islands,1995,10046,1967,7688,391,5034,951,3878,205,5012,1016,3810,186
Caribbean Netherlands,1995,42258,8909,30705,2644,18830,4304,13332,1194,23428,4605,17373,1450
Cayman Islands,1995,14320,2817,10913,590,7166,1402,5453,311,7154,1415,5460,279
Cuba,1995,26187,2052,13611,10524,12559,1046,5794,5719,13628,1006,7817,4805
Curaçao,1995,0,0,0,0,0,0,0,0,0,0,0,0
Dominica,1995,3121,1558,1363,200,1623,764,760,99,1498,794,603,101
Dominican Republic,1995,323381,126559,177167,19655,198842,75820,110582,12440,124539,50739,66585,7215
Grenada,1995,5544,2529,2663,352,2746,1286,1287,173,2798,1243,1376,179
Guadeloupe,1995,74566,21922,49917,2727,36248,11214,23765,1269,38318,10708,26152,1458
Haiti,1995,22458,4995,16538,925,12635,2847,9262,526,9823,2148,7276,399
Jamaica,1995,22713,6953,13117,2643,11242,3614,6411,1217,11471,3339,6706,1426
Martinique,1995,46599,16642,28090,1867,22271,8294,13155,822,24328,8348,14935,1045
Montserrat,1995,1612,404,1080,128,825,207,567,51,787,197,513,77
Puerto Rico,1995,338067,90108,231890,16069,160739,45198,108000,7541,177328,44910,123890,8528
Saint Kitts and Nevis,1995,4248,1507,2336,405,2196,781,1206,209,2052,726,1130,196
Saint Lucia,1995,7152,2489,4166,497,3560,1242,2066,252,3592,1247,2100,245
Saint Vincent and the Grenadines,1995,4135,1861,2015,259,2011,930,967,114,2124,931,1048,145
Sint Maarten (Dutch part),1995,0,0,0,0,0,0,0,0,0,0,0,0
Trinidad and Tobago,1995,45994,5741,22198,18055,21303,2644,9116,9543,24691,3097,13082,8512
Turks and Caicos Islands,1995,7039,2195,4671,173,3643,1105,2453,85,3396,1090,2218,88
United States Virgin Islands,1995,54241,12773,37526,3942,25760,6316,17606,1838,28481,6457,19920,2104
Central America,1995,1298916,493577,720604,84735,643244,243382,356379,43483,655672,250195,364225,41252
Belize,1995,33446,9634,22223,1589,17512,4706,11898,908,15934,4928,10325,681
Costa Rica,1995,364287,99432,244092,20763,184485,50370,123090,11025,179802,49062,121002,9738
El Salvador,1995,39537,14799,21987,2751,18564,7385,9921,1258,20973,7414,12066,1493
Guatemala,1995,156188,42932,107750,5506,66913,21091,43219,2603,89275,21841,64531,2903
Honduras,1995,149442,47975,95967,5500,76077,20800,51897,3380,73365,27175,44070,2120
Mexico,1995,458549,251800,167359,39390,229589,125390,84983,19216,228960,126410,82376,20174
Nicaragua,1995,26619,15238,10202,1179,13364,7649,5103,612,13255,7589,5099,567
Panama,1995,70848,11767,51024,8057,36740,5991,26268,4481,34108,5776,24756,3576
South America,1995,4241024,547265,2782907,910852,2109833,274735,1405880,429218,2131191,272530,1377027,481634
Argentina,1995,1595069,128185,1028924,437960,753027,63247,491151,198629,842042,64938,537773,239331
Bolivia (Plurinational State of),1995,83598,31182,48229,4187,42806,15882,24817,2107,40792,15300,23412,2080
Brazil,1995,741557,44442,432603,264512,396152,22029,245989,128134,345405,22413,186614,136378
Chile,1995,142417,43403,82104,16910,69632,21869,39907,7856,72785,21534,42197,9054
Colombia,1995,106943,54210,45612,7121,54666,26816,24118,3732,52277,27394,21494,3389
Ecuador,1995,115093,36207,70801,8085,57879,18155,35600,4124,57214,18052,35201,3961
Falkland Islands (Malvinas),1995,868,192,635,41,510,109,376,25,358,83,259,16
French Guiana,1995,70131,18580,49525,2026,36869,9747,25969,1153,33262,8833,23556,873
Guyana,1995,6352,2529,3586,237,3405,1275,1985,145,2947,1254,1601,92
Paraguay,1995,186570,57771,119959,8840,97869,29459,63802,4608,88701,28312,56157,4232
Peru,1995,56732,14043,33595,9094,28061,7103,16898,4060,28671,6940,16697,5034
Suriname,1995,22270,7897,13064,1309,12057,4126,7176,755,10213,3771,5888,554
Uruguay,1995,93428,11331,50913,31184,43427,5881,23715,13831,50001,5450,27198,17353
Venezuela (Bolivarian Republic of),1995,1019996,97293,803357,119346,513473,49037,404377,60059,506523,48256,398980,59287
NORTHERN AMERICA,1995,33341147,3976414,25531124,3833609,16402001,2013870,12806005,1582126,16939146,1962544,12725119,2251483
Bermuda,1995,16676,1878,13202,1596,8044,948,6485,611,8632,930,6717,985
Canada,1995,4864778,471114,3566886,826778,2356105,242828,1742079,371198,2508673,228286,1824807,455580
Greenland,1995,7320,1222,5996,102,5011,620,4306,85,2309,602,1690,17
Saint Pierre and Miquelon,1995,1320,384,831,105,682,193,467,22,638,191,364,83
United States of America,1995,28451053,3501816,21944209,3005028,14032159,1769281,11052668,1210210,14418894,1732535,10891541,1794818
OCEANIA,1995,5022263,559252,3693830,769181,2535448,286790,1885701,362957,2486815,272462,1808129,406224
Australia/New Zealand,1995,4741947,492990,3493199,755758,2382510,252702,1774179,355629,2359437,240288,1719020,400129
Australia,1995,4153330,395100,3096920,661310,2093280,202520,1578730,312030,2060050,192580,1518190,349280
New Zealand,1995,588617,97890,396279,94448,289230,50182,195449,43599,299387,47708,200830,50849
Melanesia,1995,96828,22447,68553,5828,54089,11685,39110,3294,42739,10762,29443,2534
Fiji,1995,13001,3100,8791,1110,6726,1654,4475,597,6275,1446,4316,513
New Caledonia,1995,43662,7665,32620,3377,23908,4024,17981,1903,19754,3641,14639,1474
Papua New Guinea,1995,33526,10233,22244,1049,19832,5264,13913,655,13694,4969,8331,394
Solomon Islands,1995,4178,780,3227,171,2328,397,1848,83,1850,383,1379,88
Vanuatu,1995,2461,669,1671,121,1295,346,893,56,1166,323,778,65
Micronesia,1995,118687,24880,88773,5034,63046,12429,47954,2663,55641,12451,40819,2371
Guam,1995,71912,16432,51268,4212,38822,8476,28086,2260,33090,7956,23182,1952
Kiribati,1995,2223,981,1179,63,1139,490,621,28,1084,491,558,35
Marshall Islands,1995,1480,356,1063,61,916,218,674,24,564,138,389,37
Micronesia (Fed. States of),1995,3342,836,2444,62,2119,413,1669,37,1223,423,775,25
Nauru,1995,2605,615,1861,129,1395,338,986,71,1210,277,875,58
Northern Mariana Islands,1995,32376,4755,27169,452,15847,2034,13596,217,16529,2721,13573,235
Palau,1995,4749,905,3789,55,2808,460,2322,26,1941,445,1467,29
Polynesia,1995,64801,18935,43305,2561,35803,9974,24458,1371,28998,8961,18847,1190
American Samoa,1995,23098,5929,16413,756,12037,3037,8624,376,11061,2892,7789,380
Cook Islands,1995,2686,1348,1211,127,1497,744,696,57,1189,604,515,70
French Polynesia,1995,28360,6517,20793,1050,16689,3453,12560,676,11671,3064,8233,374
Niue,1995,480,235,228,17,257,116,135,6,223,119,93,11
Samoa,1995,4694,2506,1867,321,2451,1399,942,110,2243,1107,925,211
Tokelau,1995,266,159,89,18,147,81,57,9,119,78,32,9
Tonga,1995,3274,1545,1547,182,1718,790,823,105,1556,755,724,77
Tuvalu,1995,263,49,182,32,148,30,110,8,115,19,72,24
Wallis and Futuna Islands,1995,1680,647,975,58,859,324,511,24,821,323,464,34
WORLD,2000,172604257,28263671,123775271,20564123,87527473,14423233,64164052,8939594,85076784,13840438,59611219,11624529
More developed regions,2000,103417894,13053582,77216634,13146891,50558910,6727874,38352518,5478139,52858984,6325708,38864116,7668752
Less developed regions,2000,69186363,15210089,46558637,7417232,36968563,7695359,25811534,3461455,32217800,7514730,20747103,3955777
Least developed countries,2000,10073307,3592315,6037271,443721,5037373,1797106,3021010,219257,5035934,1795209,3016261,224464
"Less developed regions, excluding least developed countries",2000,59155202,11621241,40553578,6979978,31953282,5899973,22807617,3245477,27201920,5721268,17745961,3734501
High-income countries,2000,100404811,13751475,74876975,11776361,51231660,7090629,39060801,5080230,49173151,6660846,35816174,6696131
Middle-income countries,2000,64042290,11673680,43947261,8421349,32259940,5923292,22655486,3681162,31782350,5750388,21291775,4740187
Upper-middle-income countries,2000,33846189,6244586,23770534,3831069,17268331,3214335,12424564,1629432,16577858,3030251,11345970,2201637
Lower-middle-income countries,2000,30196101,5429094,20176727,4590280,14991609,2708957,10230922,2051730,15204492,2720137,9945805,2538550
Low-income countries,2000,7732730,2716833,4665490,350407,3826200,1348743,2307589,169868,3906530,1368090,2357901,180539
Sub-Saharan Africa,2000,13716539,4634686,8507603,573845,7210452,2291068,4617336,301833,6506087,2343618,3890267,272012
AFRICA,2000,14800306,4916409,9258614,624878,7856358,2433310,5095848,326985,6943948,2483099,4162766,297893
Eastern Africa,2000,4844795,1569913,3027512,247370,2480584,780643,1573296,126645,2364211,789270,1454216,120725
Burundi,2000,125628,36021,83070,6537,61094,15811,42182,3101,64534,20210,40888,3436
Comoros,2000,13799,3487,9873,439,6511,1508,4773,230,7288,1979,5100,209
Djibouti,2000,100507,27840,69941,2726,52920,15206,36217,1497,47587,12634,33724,1229
Eritrea,2000,12952,3479,9132,341,6856,1869,4830,157,6096,1610,4302,184
Ethiopia,2000,611384,178827,410155,22402,322219,95632,215597,10990,289165,83195,194558,11412
Kenya,2000,699139,350076,328405,20658,348594,175220,163121,10253,350545,174856,165284,10405
Madagascar,2000,23541,4879,15317,3345,13276,2058,8798,2420,10265,2821,6519,925
Malawi,2000,232620,64328,135373,32919,111530,31119,66035,14376,121090,33209,69338,18543
Mauritius,2000,15543,1051,14259,233,5705,463,5110,132,9838,588,9149,101
Mayotte,2000,45474,14464,30689,321,23546,7020,16306,220,21928,7444,14383,101
Mozambique,2000,195702,77514,112069,6119,103175,38856,61066,3253,92527,38658,51003,2866
Réunion,2000,100678,32011,64540,4127,52264,16304,33704,2256,48414,15707,30836,1871
Rwanda,2000,347076,91096,239442,16538,175685,44413,125242,6030,171391,46683,114200,10508
Seychelles,2000,6574,993,5281,300,3837,521,3145,171,2737,472,2136,129
Somalia,2000,20087,7847,11893,347,10622,3723,6720,179,9465,4124,5173,168
South Sudan,2000,0,0,0,0,0,0,0,0,0,0,0,0
Uganda,2000,634703,203613,401874,29216,314325,98026,199769,16530,320378,105587,202105,12686
United Republic of Tanzania,2000,928180,269971,584866,73343,470962,133441,296400,41121,457218,136530,288466,32222
Zambia,2000,321167,113133,195491,12543,163620,55930,101335,6355,157547,57203,94156,6188
Zimbabwe,2000,410041,89283,305842,14916,233843,43523,182946,7374,176198,45760,122896,7542
Middle Africa,2000,1756687,637551,1054522,64614,904076,322947,546039,35090,852611,314604,508483,29524
Angola,2000,46108,14227,29037,2844,23367,6182,15690,1495,22741,8045,13347,1349
Cameroon,2000,228383,49545,166904,11934,124630,26205,91074,7351,103753,23340,75830,4583
Central African Republic,2000,123529,44274,73857,5398,65636,22374,40355,2907,57893,21900,33502,2491
Chad,2000,104825,47005,55357,2463,56463,24028,31025,1410,48362,22977,24332,1053
Congo,2000,305002,100307,195151,9544,152666,47582,99863,5221,152336,52725,95288,4323
Democratic Republic of the Congo,2000,744387,313522,403646,27219,365092,160342,190909,13841,379295,153180,212737,13378
Equatorial Guinea,2000,4517,1105,3175,237,2394,433,1850,111,2123,672,1325,126
Gabon,2000,195571,66700,124238,4633,111616,35423,73614,2579,83955,31277,50624,2054
Sao Tome and Principe,2000,4365,866,3157,342,2212,378,1659,175,2153,488,1498,167
Northern Africa,2000,1885650,648646,1134510,102494,1048954,327934,669001,52019,836696,320712,465509,50475
Algeria,2000,250110,59551,167964,22595,137158,31854,94709,10595,112952,27697,73255,12000
Egypt,2000,173452,39099,126681,7672,92205,20336,67989,3880,81247,18763,58692,3792
Libya,2000,567436,160774,394513,12149,368950,78209,283794,6947,198486,82565,110719,5202
Morocco,2000,53034,14069,32938,6027,27233,7563,17163,2507,25801,6506,15775,3520
Sudan,2000,801883,366923,383499,51461,403048,185692,190489,26867,398835,181231,193010,24594
Tunisia,2000,36446,7557,26509,2380,18523,3926,13480,1117,17923,3631,13029,1263
Western Sahara,2000,3289,673,2406,210,1837,354,1377,106,1452,319,1029,104
Southern Africa,2000,1222314,193030,926744,102540,721814,104956,563835,53023,500500,88074,362909,49517
Botswana,2000,57064,15668,39999,1397,32891,8018,24127,746,24173,7650,15872,651
Lesotho,2000,6167,2150,3882,135,3335,1146,2140,49,2832,1004,1742,86
Namibia,2000,134403,37851,82198,14354,72509,20040,45522,6947,61894,17811,36676,7407
South Africa,2000,1001825,131842,784909,85074,600032,72672,482873,44487,401793,59170,302036,40587
Swaziland,2000,22855,5519,15756,1580,13047,3080,9173,794,9808,2439,6583,786
Western Africa,2000,5090860,1867269,3115326,107860,2700930,896830,1743677,60208,2389930,970439,1371649,47652
Benin,2000,133730,53911,77379,2440,71624,26395,43952,1277,62106,27516,33427,1163
Burkina Faso,2000,520039,313747,200432,5860,250399,159633,88158,2608,269640,154114,112274,3252
Cabo Verde,2000,11027,2287,8534,206,5753,1172,4507,74,5274,1115,4027,132
Côte d'Ivoire,2000,1994135,383234,1583389,27512,1104600,159191,925763,19646,889535,224043,657626,7866
Gambia,2000,182514,68548,109784,4182,97138,31540,62934,2664,85376,37008,46850,1518
Ghana,2000,191601,104889,77877,8835,97279,52549,39568,5162,94322,52340,38309,3673
Guinea,2000,560075,266766,278856,14453,279108,134085,139559,5464,280967,132681,139297,8989
Guinea-Bissau,2000,20450,9778,10069,603,10155,4742,5081,332,10295,5036,4988,271
Liberia,2000,151868,63827,84732,3309,82129,27389,52884,1856,69739,36438,31848,1453
Mali,2000,189475,102070,80355,7050,97752,53610,40324,3818,91723,48460,40031,3232
Mauritania,2000,57366,22512,33535,1319,31163,10916,19544,703,26203,11596,13991,616
Niger,2000,122260,54825,64567,2868,58192,24384,32331,1477,64068,30441,32236,1391
Nigeria,2000,487882,242784,237455,7643,270211,123302,142034,4875,217671,119482,95421,2768
Saint Helena,2000,405,0,0,0,215,0,0,0,190,0,0,0
Senegal,2000,231901,71459,144842,15600,121492,38497,75845,7150,110409,32962,68997,8450
Sierra Leone,2000,98241,41335,54875,2031,54639,18050,35407,1182,43602,23285,19468,849
Togo,2000,137891,65297,68645,3949,69081,31375,35786,1920,68810,33922,32859,2029
ASIA,2000,49198332,9155581,34236283,5806468,26468747,4683463,19126728,2658556,22729585,4472118,15109555,3147912
Central Asia,2000,5183872,645518,3515879,1022475,2315883,314566,1654125,347192,2867989,330952,1861754,675283
Kazakhstan,2000,2871300,375324,2042116,453860,1321855,178283,1011159,132413,1549445,197041,1030957,321447
Kyrgyzstan,2000,389558,52401,254482,82675,162815,26357,109248,27210,226743,26044,145234,55465
Tajikistan,2000,299266,30659,194747,73860,131420,15599,86518,29303,167846,15060,108229,44557
Turkmenistan,2000,218498,25178,137861,55459,94168,12694,60181,21293,124330,12484,77680,34166
Uzbekistan,2000,1405250,161956,886673,356621,605625,81633,387019,136973,799625,80323,499654,219648
Eastern Asia,2000,5393081,721425,3882295,789361,2551555,367548,1814946,369061,2841526,353877,2067349,420300
China,2000,508034,111606,354943,41485,254082,56818,175658,21606,253952,54788,179285,19879
"China, Hong Kong SAR",2000,2669122,262067,1796785,610270,1225629,135717,804011,285901,1443493,126350,992774,324369
"China, Macao SAR",2000,240791,21389,193476,25926,109391,10746,87899,10746,131400,10643,105577,15180
Dem. People's Republic of Korea,2000,36183,6994,26225,2964,17731,3506,12820,1405,18452,3488,13405,1559
Japan,2000,1686567,285393,1299374,101800,796977,144207,606361,46409,889590,141186,693013,55391
Mongolia,2000,8206,1127,6820,259,4564,458,4026,80,3642,669,2794,179
Republic of Korea,2000,244178,32849,204672,6657,143181,16096,124171,2914,100997,16753,80501,3743
Southern Asia,2000,15278020,1858711,10790977,2628332,8095576,1000893,5768333,1326350,7182444,857818,5022644,1301982
Afghanistan,2000,75917,21495,52210,2212,42848,11721,29799,1328,33069,9774,22411,884
Bangladesh,2000,987853,246619,716172,25062,531907,128438,389796,13673,455946,118181,326376,11389
Bhutan,2000,32137,4517,26366,1254,26200,3096,22221,883,5937,1421,4145,371
India,2000,6411272,357981,4009025,2044266,3303560,187345,2097335,1018880,3107712,170636,1911690,1025386
Iran (Islamic Republic of),2000,2803805,764990,1961846,76969,1662264,430637,1182457,49170,1141541,334353,779389,27799
Maldives,2000,27092,6247,19604,1241,14907,3231,11002,674,12185,3016,8602,567
Nepal,2000,717900,135645,542038,40217,241959,63664,165475,12820,475941,71981,376563,27397
Pakistan,2000,4181912,317626,3437671,426615,2249960,170983,1856125,222852,1931952,146643,1581546,203763
Sri Lanka,2000,40132,3591,26045,10496,21971,1778,14123,6070,18161,1813,11922,4426
South-Eastern Asia,2000,4926833,1277763,3349698,299372,2504609,622501,1738392,143716,2422224,655262,1611306,155656
Brunei Darussalam,2000,96296,18479,74887,2930,53807,9382,42866,1559,42489,9097,32021,1371
Cambodia,2000,146085,81598,60490,3997,71638,39896,29914,1828,74447,41702,30576,2169
Indonesia,2000,292307,112664,167741,11902,153315,56226,90557,6532,138992,56438,77184,5370
Lao People's Democratic Republic,2000,21948,6487,14574,887,11564,2844,8329,391,10384,3643,6245,496
Malaysia,2000,1277223,325495,924765,26963,712912,165548,533621,13743,564311,159947,391144,13220
Myanmar,2000,98011,24599,68577,4835,52150,13574,36175,2401,45861,11025,32402,2434
Philippines,2000,318095,91711,198468,27916,161904,41010,106291,14603,156191,50701,92177,13313
Singapore,2000,1351691,212416,999103,140172,601671,104957,435311,61403,750020,107459,563792,78769
Thailand,2000,1257821,382033,798832,76956,647728,177849,430012,39867,610093,204184,368820,37089
Timor-Leste,2000,10602,3124,7270,208,5095,1496,3492,107,5507,1628,3778,101
Viet Nam,2000,56754,19157,34991,2606,32825,9719,21824,1282,23929,9438,13167,1324
Western Asia,2000,18416526,4652164,12697434,1066928,11001124,2377955,8150932,472237,7415402,2274209,4546502,594691
Armenia,2000,657900,181193,393520,83187,270170,88241,153134,28795,387730,92952,240386,54392
Azerbaijan,2000,327540,48231,227655,51654,141161,24194,97851,19116,186379,24037,129804,32538
Bahrain,2000,239361,57836,172528,8997,165344,29576,130238,5530,74017,28260,42290,3467
Cyprus,2000,80076,16461,58901,4714,34745,8425,24170,2150,45331,8036,34731,2564
Georgia,2000,76117,10435,44441,21241,33321,6275,19284,7762,42796,4160,25157,13479
Iraq,2000,210525,54923,150331,5271,120464,28315,89658,2491,90061,26608,60673,2780
Israel,2000,1851309,197696,1131506,522107,853712,100495,531773,221444,997597,97201,599733,300663
Jordan,2000,1927845,910285,939222,78338,982977,455102,488807,39068,944868,455183,450415,39270
Kuwait,2000,1127640,353541,750992,23107,761512,205471,541469,14572,366128,148070,209523,8535
Lebanon,2000,692913,285678,385400,21835,353305,144652,198407,10246,339608,141026,186993,11589
Oman,2000,623608,89489,530074,4045,488389,53930,431759,2700,135219,35559,98315,1345
Qatar,2000,359697,61654,296037,2006,274242,37885,234908,1449,85455,23769,61129,557
Saudi Arabia,2000,5263387,1276155,3940906,46326,3517768,612337,2878263,27168,1745619,663818,1062643,19158
State of Palestine,2000,275202,96114,147143,31945,124555,49135,62153,13267,150647,46979,84990,18678
Syrian Arab Republic,2000,832273,163178,661638,7457,426633,81098,342225,3310,405640,82080,319413,4147
Turkey,2000,1280963,280714,858464,141785,616007,145096,405060,65851,664956,135618,453404,75934
United Arab Emirates,2000,2446675,513880,1923022,9773,1757144,278378,1472993,5773,689531,235502,450029,4000
Yemen,2000,143495,54701,85654,3140,79675,29350,48780,1545,63820,25351,36874,1595
EUROPE,2000,56314416,7156873,41566312,7590444,27258176,3654111,20479289,3124397,29056240,3502762,21087023,4466047
Eastern Europe,2000,20428480,2523564,14785249,3119667,9700625,1291561,7232649,1176415,10727855,1232003,7552600,1943252
Belarus,2000,1123586,153537,794030,176019,514593,76667,370692,67234,608993,76870,423338,108785
Bulgaria,2000,43360,6288,28251,8821,18238,3309,11254,3675,25122,2979,16997,5146
Czechia,2000,220789,13083,148294,59412,119227,7604,84376,27247,101562,5479,63918,32165
Hungary,2000,296957,29737,186844,80376,138219,15866,89874,32479,158738,13871,96970,47897
Poland,2000,825251,49100,371149,405002,338323,21301,164219,152803,486928,27799,206930,252199
Republic of Moldova,2000,247828,30878,161535,55415,109129,16037,73633,19459,138699,14841,87902,35956
Romania,2000,126949,13966,61952,51031,60428,6865,33922,19641,66521,7101,28030,31390
Russian Federation,2000,11900297,1692520,8997182,1210595,5982851,878662,4610592,493597,5917446,813858,4386590,716998
Slovakia,2000,116376,9101,82212,25063,51253,4613,37274,9366,65123,4488,44938,15697
Ukraine,2000,5527087,525354,3953800,1047933,2368364,260637,1756813,350914,3158723,264717,2196987,697019
Northern Europe,2000,7900973,967461,5772672,1160840,3711179,491780,2748681,470718,4189794,475681,3023991,690122
Channel Islands,2000,64301,5166,51003,8132,30234,2499,24325,3410,34067,2667,26678,4722
Denmark,2000,371026,68287,275606,27133,179977,33589,136224,10164,191049,34698,139382,16969
Estonia,2000,249512,7394,172381,69737,100844,3717,75081,22046,148668,3677,97300,47691
Faeroe Islands,2000,3593,1178,2236,179,1921,610,1237,74,1672,568,999,105
Finland,2000,136203,31452,95560,9191,67469,16108,48254,3107,68734,15344,47306,6084
Iceland,2000,15892,3515,11342,1035,7207,1719,5270,218,8685,1796,6072,817
Ireland,2000,350552,71622,257249,21681,172959,35621,127699,9639,177593,36001,129550,12042
Isle of Man,2000,39002,4391,26191,8420,18725,2271,12882,3572,20277,2120,13309,4848
Latvia,2000,430178,14616,290004,125558,177632,7559,129503,40570,252546,7057,160501,84988
Lithuania,2000,214311,8775,158947,46589,100546,4708,78039,17799,113765,4067,80908,28790
Norway,2000,292440,53439,219657,19344,144826,26816,110460,7550,147614,26623,109197,11794
Sweden,2000,1003798,128991,732152,142655,480211,65956,359582,54673,523587,63035,372570,87982
United Kingdom,2000,4730165,568635,3480344,681186,2228628,290607,1640125,297896,2501537,278028,1840219,383290
Southern Europe,2000,7517054,1129492,5589670,797105,3610908,581861,2712757,315911,3906146,547631,2876913,481194
Albania,2000,76695,31311,38833,6551,35990,13919,19477,2594,40705,17392,19356,3957
Andorra,2000,42146,3467,32212,6467,22092,1720,17093,3279,20054,1747,15119,3188
Bosnia and Herzegovina,2000,82952,16259,57911,8782,39691,8837,26971,3883,43261,7422,30940,4899
Croatia,2000,585298,66676,422307,96315,274823,34033,200815,39975,310475,32643,221492,56340
Gibraltar,2000,8054,2304,5458,292,3865,999,2704,162,4189,1305,2754,130
Greece,2000,1111665,199114,803963,108588,559794,106227,411124,42443,551871,92887,392839,66145
Holy See,2000,785,0,0,0,379,0,0,0,406,0,0,0
Italy,2000,2121690,319358,1625523,176809,976691,165014,753889,57788,1144999,154344,871634,119021
Malta,2000,21521,4558,14842,2121,10289,2310,7004,975,11232,2248,7838,1146
Montenegro,2000,0,0,0,0,0,0,0,0,0,0,0,0
Portugal,2000,651472,109398,505128,36946,320319,55054,251143,14122,331153,54344,253985,22824
San Marino,2000,4045,575,3362,108,2175,248,1862,65,1870,327,1500,43
Serbia,2000,856763,79805,575577,201381,383893,41486,259819,82588,472870,38319,315758,118793
Slovenia,2000,171018,18691,137261,15066,90464,9720,74214,6530,80554,8971,63047,8536
Spain,2000,1657285,263054,1279969,114262,838058,134723,651115,52220,819227,128331,628854,62042
TFYR Macedonia,2000,125665,14922,87324,23419,52385,7571,35527,9287,73280,7351,51797,14132
Western Europe,2000,20467909,2536356,15418721,2512832,10235464,1288909,7785202,1161353,10232445,1247447,7633519,1351479
Austria,2000,996547,125298,732254,138995,478318,64490,362832,50996,518229,60808,369422,87999
Belgium,2000,895900,177010,627387,91503,465810,89496,331852,44462,430090,87514,295535,47041
France,2000,6278718,499218,4629647,1149853,3092789,251148,2330839,510802,3185929,248070,2298808,639051
Germany,2000,8992631,1088038,7014201,890392,4503666,556274,3502633,444759,4488965,531764,3511568,445633
Liechtenstein,2000,15483,2772,11507,1204,7980,1427,5915,638,7503,1345,5592,566
Luxembourg,2000,139750,18521,108473,12756,69286,9348,54704,5234,70464,9173,53769,7522
Monaco,2000,21787,2238,13677,5872,10458,1130,6738,2590,11329,1108,6939,3282
Netherlands,2000,1556337,216192,1201305,138840,765302,104602,600365,60335,791035,111590,600940,78505
Switzerland,2000,1570756,407069,1080270,83417,841855,210994,589324,41537,728901,196075,490946,41880
LATIN AMERICA AND THE CARIBBEAN,2000,6579328,1358052,4149150,1072126,3284119,689657,2080571,513891,3295209,668395,2068579,558235
Caribbean,2000,1256547,317111,844329,95107,645548,167734,429091,48723,610999,149377,415238,46384
Anguilla,2000,4063,1122,2781,160,1910,515,1337,58,2153,607,1444,102
Antigua and Barbuda,2000,23071,6298,15817,956,10316,2735,7197,384,12755,3563,8620,572
Aruba,2000,30104,5647,22019,2438,13519,2777,9751,991,16585,2870,12268,1447
Bahamas,2000,36454,4473,28567,3414,19414,2224,15308,1882,17040,2249,13259,1532
Barbados,2000,28424,5679,19588,3157,12405,2847,8373,1185,16019,2832,11215,1972
British Virgin Islands,2000,12958,2426,9973,559,6386,1197,4891,298,6572,1229,5082,261
Caribbean Netherlands,2000,46105,10482,33407,2216,20402,4853,14509,1040,25703,5629,18898,1176
Cayman Islands,2000,19253,3987,14236,1030,9709,1982,7181,546,9544,2005,7055,484
Cuba,2000,17818,2114,8113,7591,7840,1135,3136,3569,9978,979,4977,4022
Curaçao,2000,0,0,0,0,0,0,0,0,0,0,0,0
Dominica,2000,3723,1812,1646,265,1955,938,892,125,1768,874,754,140
Dominican Republic,2000,355611,121389,214977,19245,216008,70073,133743,12192,139603,51316,81234,7053
Grenada,2000,6825,2905,3438,482,3386,1492,1659,235,3439,1413,1779,247
Guadeloupe,2000,83188,23037,56711,3440,39778,11488,26396,1894,43410,11549,30315,1546
Haiti,2000,25832,5990,18715,1127,14664,3429,10587,648,11168,2561,8128,479
Jamaica,2000,24952,8228,13476,3248,12503,4272,6833,1398,12449,3956,6643,1850
Martinique,2000,54492,18242,33837,2413,25451,9062,15324,1065,29041,9180,18513,1348
Montserrat,2000,1211,343,804,64,622,185,411,26,589,158,393,38
Puerto Rico,2000,355038,68233,266381,20424,168480,34350,124536,9594,186558,33883,141845,10830
Saint Kitts and Nevis,2000,5871,1970,3442,459,3068,974,1869,225,2803,996,1573,234
Saint Lucia,2000,9868,2980,6017,871,4950,1499,3005,446,4918,1481,3012,425
Saint Vincent and the Grenadines,2000,4307,1913,2140,254,2099,955,1028,116,2208,958,1112,138
Sint Maarten (Dutch part),2000,0,0,0,0,0,0,0,0,0,0,0,0
Trinidad and Tobago,2000,41753,5623,20789,15341,19288,2627,8512,8149,22465,2996,12277,7192
Turks and Caicos Islands,2000,9015,2885,5956,174,4665,1475,3110,80,4350,1410,2846,94
United States Virgin Islands,2000,56611,9333,41499,5779,26730,4650,19503,2577,29881,4683,21996,3202
Central America,2000,1107577,462753,565640,79184,554886,231250,283455,40181,552691,231503,282185,39003
Belize,2000,36488,8994,25717,1777,18631,4252,13387,992,17857,4742,12330,785
Costa Rica,2000,310946,84713,208996,17237,156798,42724,104970,9104,154148,41989,104026,8133
El Salvador,2000,31713,10881,18601,2231,14909,5432,8451,1026,16804,5449,10150,1205
Guatemala,2000,48119,12100,34227,1792,21211,6122,14220,869,26908,5978,20007,923
Honduras,2000,28461,8300,18756,1405,14581,3532,10212,837,13880,4768,8544,568
Mexico,2000,538051,307677,185783,44591,270896,154080,94983,21833,267155,153597,90800,22758
Nicaragua,2000,30389,16920,11993,1476,15423,8495,6131,797,14966,8425,5862,679
Panama,2000,83410,13168,61567,8675,42437,6613,31101,4723,40973,6555,30466,3952
South America,2000,4215204,578188,2739181,897835,2083685,290673,1368025,424987,2131519,287515,1371156,472848
Argentina,2000,1540219,127386,1009286,403547,717924,63086,472423,182415,822295,64300,536863,221132
Bolivia (Plurinational State of),2000,92658,35127,52915,4616,47665,17849,27582,2234,44993,17278,25333,2382
Brazil,2000,684596,45307,376457,262832,366156,22893,214368,128895,318440,22414,162089,133937
Chile,2000,177332,46929,113557,16846,84717,23490,53511,7716,92615,23439,60046,9130
Colombia,2000,109609,52089,49534,7986,56223,25822,26198,4203,53386,26267,23336,3783
Ecuador,2000,151523,51131,88368,12024,77227,25995,45225,6007,74296,25136,43143,6017
Falkland Islands (Malvinas),2000,1067,239,774,54,636,138,464,34,431,101,310,20
French Guiana,2000,76649,18151,55790,2708,38895,9122,28264,1509,37754,9029,27526,1199
Guyana,2000,8610,3296,5027,287,4611,1677,2756,178,3999,1619,2271,109
Paraguay,2000,176608,45143,122084,9381,92052,23113,64084,4855,84556,22030,58000,4526
Peru,2000,66293,19261,38106,8926,32955,9757,19278,3920,33338,9504,18828,5006
Suriname,2000,27506,9937,16115,1454,14892,5202,8849,841,12614,4735,7266,613
Uruguay,2000,88871,13604,48886,26381,41093,7035,22519,11539,47778,6569,26367,14842
Venezuela (Bolivarian Republic of),2000,1013663,110588,762282,140793,508639,55494,382504,70641,505024,55094,379778,70152
NORTHERN AMERICA,2000,40351848,5098369,30665931,4587548,19983930,2666597,15424392,1892941,20367918,2431772,15241539,2694607
Bermuda,2000,17668,1993,13993,1682,8531,1009,6895,627,9137,984,7098,1055
Canada,2000,5511914,572684,3928410,1010820,2659135,292776,1902513,463846,2852779,279908,2025897,546974
Greenland,2000,6755,884,5727,144,4723,475,4122,126,2032,409,1605,18
Saint Pierre and Miquelon,2000,1458,408,950,100,756,212,506,38,702,196,444,62
United States of America,2000,34814053,4522400,26716851,3574802,17310785,2372125,13510356,1428304,17503268,2150275,13206495,2146498
OCEANIA,2000,5360027,578387,3898981,882659,2676143,296095,1957224,422824,2683884,282292,1941757,459835
Australia/New Zealand,2000,5065063,512947,3685017,867099,2519827,262959,1842476,414392,2545236,249988,1842541,452707
Australia,2000,4386250,394720,3230580,760950,2189900,202260,1623260,364380,2196350,192460,1607320,396570
New Zealand,2000,678813,118227,454437,106149,329927,60699,219216,50012,348886,57528,235221,56137
Melanesia,2000,94078,20412,67613,6053,52701,10761,38530,3410,41377,9651,29083,2643
Fiji,2000,12719,2980,8690,1049,6601,1598,4440,563,6118,1382,4250,486
New Caledonia,2000,49651,8371,37411,3869,26932,4368,20396,2168,22719,4003,17015,1701
Papua New Guinea,2000,25101,7621,16690,790,15624,4069,11035,520,9477,3552,5655,270
Solomon Islands,2000,3981,762,3030,189,2224,393,1747,84,1757,369,1283,105
Vanuatu,2000,2626,678,1792,156,1320,333,912,75,1306,345,880,81
Micronesia,2000,130186,26098,97691,6397,64928,12585,49081,3262,65258,13513,48610,3135
Guam,2000,74070,15770,52945,5355,38280,7984,27509,2787,35790,7786,25436,2568
Kiribati,2000,2283,972,1244,67,1188,493,662,33,1095,479,582,34
Marshall Islands,2000,1891,483,1336,72,1164,290,846,28,727,193,490,44
Micronesia (Fed. States of),2000,3116,761,2273,82,1721,336,1339,46,1395,425,934,36
Nauru,2000,2394,586,1686,122,1283,322,894,67,1111,264,792,55
Northern Mariana Islands,2000,40122,6548,32907,667,17387,2662,14434,291,22735,3886,18473,376
Palau,2000,6310,978,5300,32,3905,498,3397,10,2405,480,1903,22
Polynesia,2000,70700,18930,48660,3110,38687,9790,27137,1760,32013,9140,21523,1350
American Samoa,2000,24912,5449,18600,863,12898,2755,9718,425,12014,2694,8882,438
Cook Islands,2000,2785,1359,1309,117,1552,747,748,57,1233,612,561,60
French Polynesia,2000,30329,6158,22550,1621,17604,3199,13331,1074,12725,2959,9219,547
Niue,2000,498,241,238,19,268,118,141,9,230,123,97,10
Samoa,2000,5998,3283,2479,236,3101,1732,1280,89,2897,1551,1199,147
Tokelau,2000,262,156,96,10,144,76,64,4,118,80,32,6
Tonga,2000,3684,1478,2038,168,1981,759,1145,77,1703,719,893,91
Tuvalu,2000,217,51,137,29,121,29,85,7,96,22,52,22
Wallis and Futuna Islands,2000,2015,755,1213,47,1018,375,625,18,997,380,588,29
WORLD,2005,190531600,30430438,138355887,21743995,97276738,15652662,72101000,9522435,93254862,14777776,66254887,12221560
More developed regions,2005,116295565,14240879,87214495,14839398,56887391,7369808,43244406,6272799,59408174,6871071,43970089,8566599
Less developed regions,2005,74236035,16189559,51141392,6904597,40389347,8282854,28856594,3249636,33846688,7906705,22284798,3654961
Least developed countries,2005,9803046,3348095,6018137,436814,4990035,1687979,3078752,223304,4813011,1660116,2939385,213510
"Less developed regions, excluding least developed countries",2005,64483287,12845633,45162213,6474954,35425871,6596955,25798597,3030056,29057416,6248678,19363616,3444898
High-income countries,2005,117786056,16019625,88242216,13524215,60496210,8350788,46251235,5894187,57289846,7668837,41990981,7630028
Middle-income countries,2005,64661461,11700728,45112035,7848698,32713531,5946630,23326147,3440754,31947930,5754098,21785888,4407944
Upper-middle-income countries,2005,35813417,6088564,25603939,4120914,18221472,3105668,13347422,1768382,17591945,2982896,12256517,2352532
Lower-middle-income countries,2005,28848044,5612164,19508096,3727784,14492059,2840962,9978725,1672372,14355985,2771202,9529371,2055412
Low-income countries,2005,7604325,2577766,4674767,351792,3834495,1288428,2368142,177925,3769830,1289338,2306625,173867
Sub-Saharan Africa,2005,14272361,4651194,8988829,631851,7650681,2326426,4970139,353853,6621680,2324768,4018690,277998
AFRICA,2005,15462306,4948323,9827442,686054,8410588,2493863,5533911,382551,7051718,2454460,4293531,303503
Eastern Africa,2005,4745792,1508705,2988312,248775,2529460,779447,1614847,135166,2216332,729258,1373465,113609
Burundi,2005,172874,64841,100502,7531,84805,28111,53099,3595,88069,36730,47403,3936
Comoros,2005,13209,2610,9877,722,6286,1140,4781,365,6923,1470,5096,357
Djibouti,2005,92091,26394,62954,2743,51315,15034,34721,1560,40776,11360,28233,1183
Eritrea,2005,14314,4079,9828,407,7729,2251,5287,191,6585,1828,4541,216
Ethiopia,2005,514242,154305,341140,18797,269725,82393,178329,9003,244517,71912,162811,9794
Kenya,2005,756894,357612,374921,24361,391310,185528,193216,12566,365584,172084,181705,11795
Madagascar,2005,26058,5483,16506,4069,14744,2323,9440,2981,11314,3160,7066,1088
Malawi,2005,221661,57800,136600,27261,105931,27992,66129,11810,115730,29808,70471,15451
Mauritius,2005,19647,2462,16556,629,8943,1116,7440,387,10704,1346,9116,242
Mayotte,2005,63176,17757,44294,1125,31364,8435,22230,699,31812,9322,22064,426
Mozambique,2005,204830,81127,117292,6411,102500,40068,59007,3425,102330,41059,58285,2986
Réunion,2005,115076,36587,73764,4725,59196,18616,37928,2652,55880,17971,35836,2073
Rwanda,2005,432797,109818,303311,19668,217027,53166,157289,6572,215770,56652,146022,13096
Seychelles,2005,8997,1257,7397,343,5820,745,4856,219,3177,512,2541,124
Somalia,2005,20670,8034,12256,380,11047,3866,6979,202,9623,4168,5277,178
South Sudan,2005,0,0,0,0,0,0,0,0,0,0,0,0
Uganda,2005,652968,209530,411901,31537,322421,100501,204019,17901,330547,109029,207882,13636
United Republic of Tanzania,2005,770846,206509,493434,70903,486774,128943,310776,47055,284072,77566,182658,23848
Zambia,2005,252749,81650,158944,12155,128553,39961,81998,6594,124196,41689,76946,5561
Zimbabwe,2005,392693,80850,296835,15008,223970,39258,177323,7389,168723,41592,119512,7619
Middle Africa,2005,1928828,692116,1158192,78520,983868,342871,596608,44389,944960,349245,561584,34131
Angola,2005,61329,17870,40046,3413,30240,7372,21139,1729,31089,10498,18907,1684
Cameroon,2005,258737,62420,178800,17517,142397,33179,98377,10841,116340,29241,80423,6676
Central African Republic,2005,94449,33162,56471,4816,50236,16755,30893,2588,44213,16407,25578,2228
Chad,2005,352062,153216,190012,8834,159715,66136,88618,4961,192347,87080,101394,3873
Congo,2005,315238,101142,199250,14846,171420,54245,108294,8881,143818,46897,90956,5965
Democratic Republic of the Congo,2005,622869,252018,347339,23512,302290,127000,162899,12391,320579,125018,184440,11121
Equatorial Guinea,2005,6588,1528,4764,296,3564,632,2786,146,3024,896,1978,150
Gabon,2005,214123,70175,139004,4944,122279,37296,82311,2672,91844,32879,56693,2272
Sao Tome and Principe,2005,3433,585,2506,342,1727,256,1291,180,1706,329,1215,162
Northern Africa,2005,1731939,535054,1098901,97984,1035822,288909,695247,51666,696117,246145,403654,46318
Algeria,2005,197422,44990,134209,18223,108266,24112,75593,8561,89156,20878,58616,9662
Egypt,2005,274001,62134,199679,12188,158277,34896,116690,6691,115724,27238,82989,5497
Libya,2005,625212,167813,442487,14912,445597,96797,339218,9582,179615,71016,103269,5330
Morocco,2005,54379,14424,33769,6186,27543,7531,17443,2569,26836,6893,16326,3617
Sudan,2005,541994,237925,260288,43781,275915,121472,131475,22968,266079,116453,128813,20813
Tunisia,2005,35040,6999,25627,2414,18000,3685,13165,1150,17040,3314,12462,1264
Western Sahara,2005,3891,769,2842,280,2224,416,1663,145,1667,353,1179,135
Southern Africa,2005,1439426,213762,1132744,92920,837071,110052,681225,45794,602355,103710,451519,47126
Botswana,2005,88829,23751,62499,2579,49695,11569,36759,1367,39134,12182,25740,1212
Lesotho,2005,6290,1284,4757,249,3402,653,2614,135,2888,631,2143,114
Namibia,2005,106274,25395,69518,11361,57034,13194,38423,5417,49240,12201,31095,5944
South Africa,2005,1210936,157154,977077,76705,712219,81453,592760,38006,498717,75701,384317,38699
Swaziland,2005,27097,6178,18893,2026,14721,3183,10669,869,12376,2995,8224,1157
Western Africa,2005,5616321,1998686,3449293,167855,3024367,972584,1945984,105536,2591954,1026102,1503309,62319
Benin,2005,171499,59977,106346,5176,93882,29453,61692,2737,77617,30524,44654,2439
Burkina Faso,2005,596972,335505,255426,6041,285542,166643,116359,2540,311430,168862,139067,3501
Cabo Verde,2005,12700,2113,10121,466,6523,1081,5283,159,6177,1032,4838,307
Côte d'Ivoire,2005,2010824,324438,1604213,82173,1113590,123643,932793,57154,897234,200795,671420,25019
Gambia,2005,181905,66481,111480,3944,96230,30280,63452,2498,85675,36201,48028,1446
Ghana,2005,304436,146360,143669,14407,159363,75086,75348,8929,145073,71274,68321,5478
Guinea,2005,229611,109362,114318,5931,111738,54251,54833,2654,117873,55111,59485,3277
Guinea-Bissau,2005,20736,9914,10205,617,10298,5045,4970,283,10438,4869,5235,334
Liberia,2005,87188,34707,50536,1945,51183,16473,33469,1241,36005,18234,17067,704
Mali,2005,256797,125822,121917,9058,132244,66048,61389,4807,124553,59774,60528,4251
Mauritania,2005,58119,22661,33922,1536,32588,11311,20380,897,25531,11350,13542,639
Niger,2005,124461,54163,67170,3128,59170,24606,32757,1807,65291,29557,34413,1321
Nigeria,2005,969294,475492,476055,17747,564384,257449,294960,11975,404910,218043,181095,5772
Saint Helena,2005,487,0,0,0,263,0,0,0,224,0,0,0
Senegal,2005,238298,78063,153525,6710,124854,41800,80021,3033,113444,36263,73504,3677
Sierra Leone,2005,149615,59560,86727,3328,79638,23852,53805,1981,69977,35708,32922,1347
Togo,2005,203379,94068,103663,5648,102877,45563,54473,2841,100502,48505,49190,2807
ASIA,2005,53243730,9903534,38063194,5277002,29144293,5108956,21624587,2410750,24099437,4794578,16438607,2866252
Central Asia,2005,5238699,665996,3518657,1054046,2408209,331364,1691208,385637,2830490,334632,1827449,668409
Kazakhstan,2005,3102962,436184,2159007,507771,1473441,214129,1083833,175479,1629521,222055,1075174,332292
Kyrgyzstan,2005,312897,36361,206863,69673,129544,18259,88993,22292,183353,18102,117870,47381
Tajikistan,2005,280444,25732,186920,67792,121381,12967,81862,26552,159063,12765,105058,41240
Turkmenistan,2005,213051,24548,134420,54083,94406,12499,60427,21480,118645,12049,73993,32603
Uzbekistan,2005,1329345,143171,831447,354727,589437,73510,376093,139834,739908,69661,455354,214893
Eastern Asia,2005,6229524,727804,4595612,906108,2931331,374016,2126285,431030,3298193,353788,2469327,475078
China,2005,678947,157221,465121,56605,379920,88652,258331,32937,299027,68569,206790,23668
"China, Hong Kong SAR",2005,2721235,232739,1822293,666203,1185121,119996,750827,314298,1536114,112743,1071466,351905
"China, Macao SAR",2005,279308,20091,231099,28118,130387,10036,108381,11970,148921,10055,122718,16148
Dem. People's Republic of Korea,2005,40097,8219,28730,3148,19749,4128,14162,1459,20348,4091,14568,1689
Japan,2005,2012916,278770,1596843,137303,924544,138113,722947,63484,1088372,140657,873896,73819
Mongolia,2005,11475,1364,9782,329,7576,651,6793,132,3899,713,2989,197
Republic of Korea,2005,485546,29400,441744,14402,284034,12440,264844,6750,201512,16960,176900,7652
Southern Asia,2005,13722011,1881685,10048467,1791859,7151370,980406,5272747,898217,6570641,901279,4775720,893642
Afghanistan,2005,87300,24576,60450,2274,49274,13367,34565,1342,38026,11209,25885,932
Bangladesh,2005,1166700,346586,800560,19554,621228,181630,429036,10562,545472,164956,371524,8992
Bhutan,2005,40279,4395,34884,1000,32742,2781,29322,639,7537,1614,5562,361
India,2005,5923642,466048,4116959,1340635,3045693,242559,2137089,666045,2877949,223489,1979870,674590
Iran (Islamic Republic of),2005,2568930,700905,1797497,70528,1410319,361293,1006703,42323,1158611,339612,790794,28205
Maldives,2005,45045,10333,32662,2050,27079,5683,20164,1232,17966,4650,12498,818
Nepal,2005,679457,86904,538901,53652,235203,42947,174756,17500,444254,43957,364145,36152
Pakistan,2005,3171132,238179,2642371,290582,1708514,128296,1428287,151931,1462618,109883,1214084,138651
Sri Lanka,2005,39526,3759,24183,11584,21318,1850,12825,6643,18208,1909,11358,4941
South-Eastern Asia,2005,6522343,1366593,4774985,380765,3343951,657613,2502990,183348,3178392,708980,2271995,197417
Brunei Darussalam,2005,98441,20442,74054,3945,55265,10450,42687,2128,43176,9992,31367,1817
Cambodia,2005,114031,32958,76061,5012,57511,16164,38939,2408,56520,16794,37122,2604
Indonesia,2005,289568,111606,166165,11797,165493,59563,98664,7266,124075,52043,67501,4531
Lao People's Democratic Republic,2005,20371,4690,14656,1025,10930,2041,8418,471,9441,2649,6238,554
Malaysia,2005,1722344,322255,1367207,32882,995607,167829,810544,17234,726737,154426,556663,15648
Myanmar,2005,83025,17576,59489,5960,44506,8760,32972,2774,38519,8816,26517,3186
Philippines,2005,257468,73802,157758,25908,133023,33667,85334,14022,124445,40135,72424,11886
Singapore,2005,1710594,256366,1283911,170317,758762,120871,566798,71093,951832,135495,717113,99224
Thailand,2005,2163447,508761,1534122,120564,1086166,228963,793079,64124,1077281,279798,741043,56440
Timor-Leste,2005,11286,2620,8385,281,5582,1183,4260,139,5704,1437,4125,142
Viet Nam,2005,51768,15517,33177,3074,31106,8122,21295,1689,20662,7395,11882,1385
Western Asia,2005,21531153,5261456,15125473,1144224,13309432,2765557,10031357,512518,8221721,2495899,5094116,631706
Armenia,2005,469119,110120,281081,77918,191401,53998,110195,27208,277718,56122,170886,50710
Azerbaijan,2005,302220,41698,207365,53157,135336,21635,92928,20773,166884,20063,114437,32384
Bahrain,2005,404018,61493,337282,5243,288614,31692,253677,3245,115404,29801,83605,1998
Cyprus,2005,117165,17772,92327,7066,50421,8850,38272,3299,66744,8922,54055,3767
Georgia,2005,72311,10649,43979,17683,31655,6327,19036,6292,40656,4322,24943,11391
Iraq,2005,132915,34674,94908,3333,80883,19333,59853,1697,52032,15341,35055,1636
Israel,2005,1889503,201773,1154846,532884,867805,101608,541266,224931,1021698,100165,613580,307953
Jordan,2005,2325414,1098006,1132909,94499,1183645,551239,585401,47005,1141769,546767,547508,47494
Kuwait,2005,1333327,396509,915828,20990,918580,234236,670375,13969,414747,162273,245453,7021
Lebanon,2005,756784,312008,420922,23854,390331,157455,221435,11441,366453,154553,199487,12413
Oman,2005,666160,89784,572223,4153,527842,53392,471671,2779,138318,36392,100552,1374
Qatar,2005,646026,146547,494517,4962,498428,100124,394519,3785,147598,46423,99998,1177
Saudi Arabia,2005,6501819,1565234,4876376,60209,4469805,804335,3627938,37532,2032014,760899,1248438,22677
State of Palestine,2005,266617,74056,152857,39704,119621,37991,65382,16248,146996,36065,87475,23456
Syrian Arab Republic,2005,876410,176685,687030,12695,449470,87727,356065,5678,426940,88958,330965,7017
Turkey,2005,1319236,253446,897224,168566,618938,128154,414232,76552,700298,125292,482992,92014
United Arab Emirates,2005,3281036,611276,2658149,11611,2388278,334390,2046774,7114,892758,276886,611375,4497
Yemen,2005,171073,59726,105650,5697,98379,33071,62338,2970,72694,26655,43312,2727
EUROPE,2005,63201280,7303990,47510381,8386116,30591239,3735161,23348895,3506805,32610041,3568829,24161486,4879311
Eastern Europe,2005,19747392,2091862,14497869,3157661,9362793,1069755,7088563,1204475,10384599,1022107,7409306,1953186
Belarus,2005,1106982,104167,800440,202375,506988,52276,376864,77848,599994,51891,423576,124527
Bulgaria,2005,61074,9331,38975,12768,26594,4951,16541,5102,34480,4380,22434,7666
Czechia,2005,322540,22085,264721,35734,181719,11899,153351,16469,140821,10186,111370,19265
Hungary,2005,366787,37761,247239,81787,174216,19779,122028,32409,192571,17982,125211,49378
Poland,2005,722509,80996,232858,408655,297039,38235,104479,154325,425470,42761,128379,254330
Republic of Moldova,2005,173957,22698,111657,39602,76600,12025,50626,13949,97357,10673,61031,25653
Romania,2005,145162,25197,62730,57235,66264,12120,33380,20764,78898,13077,29350,36471
Russian Federation,2005,11667588,1294971,9041222,1331395,5806597,674405,4596570,535622,5860991,620566,4444652,795773
Slovakia,2005,130491,14623,85300,30568,58716,7556,39293,11867,71775,7067,46007,18701
Ukraine,2005,5050302,480033,3612727,957542,2168060,236509,1595431,336120,2882242,243524,2017296,621422
Northern Europe,2005,9588814,1179216,7129618,1279980,4564413,585231,3447942,531240,5024401,593985,3681676,748740
Channel Islands,2005,70941,6233,56488,8220,33611,3221,27065,3325,37330,3012,29423,4895
Denmark,2005,440383,67760,338980,33643,213097,33645,165987,13465,227286,34115,172993,20178
Estonia,2005,233701,6651,153082,73968,94244,3298,67820,23126,139457,3353,85262,50842
Faeroe Islands,2005,4583,1698,2672,213,2450,894,1466,90,2133,804,1206,123
Finland,2005,192169,34071,146925,11173,96429,17367,74809,4253,95740,16704,72116,6920
Iceland,2005,25492,5471,18882,1139,12413,2734,9391,288,13079,2737,9491,851
Ireland,2005,589046,120347,432259,36440,309910,61400,231456,17054,279136,58947,200803,19386
Isle of Man,2005,41475,4667,27848,8960,20214,2436,13827,3951,21261,2231,14021,5009
Latvia,2005,376725,12798,253966,109961,154745,6632,113016,35097,221980,6166,140950,74864
Lithuania,2005,201209,10290,136083,54836,94189,5783,67910,20496,107020,4507,68173,34340
Norway,2005,361144,60419,278983,21742,176444,29527,138401,8516,184700,30892,140582,13226
Sweden,2005,1125790,133322,826039,166429,538490,62260,403722,72508,587300,71062,422317,93921
United Kingdom,2005,5926156,715489,4457411,753256,2818177,356034,2133072,329071,3107979,359455,2324339,424185
Southern Europe,2005,11974334,1665906,9265727,1041908,5832012,873943,4534118,423573,6142322,791963,4731609,618335
Albania,2005,64739,31628,26178,6933,32993,15719,14157,3117,31746,15909,12021,3816
Andorra,2005,50298,4169,38958,7171,26559,2080,20755,3724,23739,2089,18203,3447
Bosnia and Herzegovina,2005,47272,9144,32756,5372,22473,4960,15154,2359,24799,4184,17602,3013
Croatia,2005,579273,52006,417142,110125,271645,26534,199009,46102,307628,25472,218133,64023
Gibraltar,2005,9211,2487,6385,339,4518,1076,3252,190,4693,1411,3133,149
Greece,2005,1190707,171845,919887,98975,587677,86286,467386,34005,603030,85559,452501,64970
Holy See,2005,798,0,0,0,378,0,0,0,420,0,0,0
Italy,2005,3954785,560150,3138794,255841,1820290,292763,1439665,87862,2134495,267387,1699129,167979
Malta,2005,24560,3675,18266,2619,11899,1836,8802,1261,12661,1839,9464,1358
Montenegro,2005,0,0,0,0,0,0,0,0,0,0,0,0
Portugal,2005,771184,134234,593472,43478,376774,82082,276071,18621,394410,52152,317401,24857
San Marino,2005,4218,646,3443,129,2302,296,1926,80,1916,350,1517,49
Serbia,2005,845120,58964,574079,212077,373473,30213,257314,85946,471647,28751,316765,126131
Slovenia,2005,197276,16133,156221,24922,107131,8598,87108,11425,90145,7535,69113,13497
Spain,2005,4107226,603960,3256932,246334,2140680,312919,1709880,117881,1966546,291041,1547052,128453
TFYR Macedonia,2005,127667,16865,83214,27588,53220,8581,33639,11000,74447,8284,49575,16588
Western Europe,2005,21890740,2367006,16617167,2906567,10832021,1206232,8278272,1347517,11058719,1160774,8338895,1559050
Austria,2005,1136270,108917,870077,157276,543618,55907,425449,62262,592652,53010,444628,95014
Belgium,2005,882031,163860,624926,93245,450828,82476,324353,43999,431203,81384,300573,49246
France,2005,6737600,604400,4885281,1247919,3300859,305406,2413511,581942,3436741,298994,2471770,665977
Germany,2005,9402447,977591,7395708,1029148,4676178,503330,3679877,492971,4726269,474261,3715831,536177
Liechtenstein,2005,18898,4499,12597,1802,9434,2212,6245,977,9464,2287,6352,825
Luxembourg,2005,150618,19760,117229,13629,74951,9985,59164,5802,75667,9775,58065,7827
Monaco,2005,21312,2126,13172,6014,10322,1070,6510,2742,10990,1056,6662,3272
Netherlands,2005,1736127,198057,1366260,171810,843444,93574,672859,77011,892683,104483,693401,94799
Switzerland,2005,1805437,287796,1331917,185724,922387,152272,690304,79811,883050,135524,641613,105913
LATIN AMERICA AND THE CARIBBEAN,2005,7237476,1550590,4626975,1059911,3596993,784810,2302811,509372,3640483,765780,2324164,550539
Caribbean,2005,1333118,300328,933926,98864,682951,156062,476441,50448,650167,144266,457485,48416
Anguilla,2005,4684,1235,3267,182,2210,572,1575,63,2474,663,1692,119
Antigua and Barbuda,2005,24741,5835,17766,1140,11052,2751,7814,487,13689,3084,9952,653
Aruba,2005,32540,4963,25234,2343,14559,2443,11162,954,17981,2520,14072,1389
Bahamas,2005,45595,5592,35726,4277,23646,2704,18610,2332,21949,2888,17116,1945
Barbados,2005,30624,5735,21793,3096,13575,2891,9506,1178,17049,2844,12287,1918
British Virgin Islands,2005,15016,2794,11422,800,7401,1365,5614,422,7615,1429,5808,378
Caribbean Netherlands,2005,49105,10188,35637,3280,21730,4618,15508,1604,27375,5570,20129,1676
Cayman Islands,2005,21655,3885,16328,1442,11011,1989,8280,742,10644,1896,8048,700
Cuba,2005,17023,2118,10314,4591,7540,1147,4193,2200,9483,971,6121,2391
Curaçao,2005,0,0,0,0,0,0,0,0,0,0,0,0
Dominica,2005,4744,2140,2278,326,2491,1103,1231,157,2253,1037,1047,169
Dominican Republic,2005,376001,106345,252237,17419,228180,59186,158098,10896,147821,47159,94139,6523
Grenada,2005,6902,2259,4120,523,3424,1164,2012,248,3478,1095,2108,275
Guadeloupe,2005,89065,24662,60715,3688,41273,12317,26886,2070,47792,12345,33829,1618
Haiti,2005,30468,7063,22069,1336,17413,4069,12571,773,13055,2994,9498,563
Jamaica,2005,24314,8084,13610,2620,12263,4212,6921,1130,12051,3872,6689,1490
Martinique,2005,57034,17050,37177,2807,25891,8336,16308,1247,31143,8714,20869,1560
Montserrat,2005,1244,345,822,77,639,186,419,34,605,159,403,43
Puerto Rico,2005,352144,60422,270105,21617,166780,30435,126147,10198,185364,29987,143958,11419
Saint Kitts and Nevis,2005,6682,2207,4009,466,3501,1092,2172,237,3181,1115,1837,229
Saint Lucia,2005,11468,3464,6995,1009,5783,1752,3511,520,5685,1712,3484,489
Saint Vincent and the Grenadines,2005,4395,1883,2258,254,2144,940,1086,118,2251,943,1172,136
Sint Maarten (Dutch part),2005,13100,3011,9130,959,6285,1458,4416,411,6815,1553,4714,548
Trinidad and Tobago,2005,44812,6109,21636,17067,20647,2825,8782,9040,24165,3284,12854,8027
Turks and Caicos Islands,2005,13115,4195,8661,259,6787,2154,4516,117,6328,2041,4145,142
United States Virgin Islands,2005,56647,8744,40617,7286,26726,4353,19103,3270,29921,4391,21514,4016
Central America,2005,1385713,553851,750787,81075,692144,277237,373095,41812,693569,276614,377692,39263
Belize,2005,41424,7256,31791,2377,21045,3371,16365,1309,20379,3885,15426,1068
Costa Rica,2005,358175,58137,276731,23307,176335,29020,135115,12200,181840,29117,141616,11107
El Salvador,2005,36019,11130,22339,2550,17029,5392,10566,1071,18990,5738,11773,1479
Guatemala,2005,57252,14395,40719,2138,26064,7426,17587,1051,31188,6969,23132,1087
Honduras,2005,27875,8127,18367,1381,14444,3515,10099,830,13431,4612,8268,551
Mexico,2005,712487,418780,257907,35800,359642,210476,131138,18028,352845,208304,126769,17772
Nicaragua,2005,34918,19027,14077,1814,17773,9508,7271,994,17145,9519,6806,820
Panama,2005,117563,16999,88856,11708,59812,8529,44954,6329,57751,8470,43902,5379
South America,2005,4518645,696411,2942262,879972,2221898,351511,1453275,417112,2296747,344900,1488987,462860
Argentina,2005,1673088,163848,1117688,391552,774810,80130,519454,175226,898278,83718,598234,216326
Bolivia (Plurinational State of),2005,107745,43279,59071,5395,56019,22256,31122,2641,51726,21023,27949,2754
Brazil,2005,638582,60667,342143,235772,343019,31091,193730,118198,295563,29576,148413,117574
Chile,2005,273384,69115,183895,20374,129398,34504,85409,9485,143986,34611,98486,10889
Colombia,2005,107612,45480,53335,8797,55706,22851,28024,4831,51906,22629,25311,3966
Ecuador,2005,187404,76733,101120,9551,96188,39385,52000,4803,91216,37348,49120,4748
Falkland Islands (Malvinas),2005,1166,281,825,60,675,163,480,32,491,118,345,28
French Guiana,2005,86468,20685,63046,2737,42729,11748,30088,893,43739,8937,32958,1844
Guyana,2005,10868,4158,6340,370,5817,2114,3472,231,5051,2044,2868,139
Paraguay,2005,168243,38535,117926,11782,87698,19787,61875,6036,80545,18748,56051,5746
Peru,2005,77541,24536,43456,9549,38746,12463,22133,4150,38795,12073,21323,5399
Suriname,2005,33664,11823,20142,1699,18339,6232,11118,989,15325,5591,9024,710
Uruguay,2005,82318,13424,46767,22127,37658,6882,21250,9526,44660,6542,25517,12601
Venezuela (Bolivarian Republic of),2005,1070562,123847,786508,160207,535096,61905,393120,80071,535466,61942,393388,80136
NORTHERN AMERICA,2005,45363387,6067498,33998882,5297007,22544728,3194485,17137929,2212314,22818659,2873013,16860953,3084693
Bermuda,2005,18276,2456,13980,1840,8866,1252,6911,703,9410,1204,7069,1137
Canada,2005,6078985,616815,4324789,1137381,2915838,313945,2075778,526115,3163147,302870,2249011,611266
Greenland,2005,6686,856,5593,237,4549,422,3928,199,2137,434,1665,38
Saint Pierre and Miquelon,2005,1147,314,767,66,597,162,411,24,550,152,356,42
United States of America,2005,39258293,5447057,29653753,4157483,19614878,2878704,15050901,1685273,19643415,2568353,14602852,2472210
OCEANIA,2005,6023421,656503,4329013,1037905,2988897,335387,2152867,500643,3034524,321116,2176146,537262
Australia/New Zealand,2005,5717982,590621,4108389,1018972,2826880,302049,2034635,490196,2891102,288572,2073754,528776
Australia,2005,4878030,446380,3533350,898300,2419190,227990,1758580,432620,2458840,218390,1774770,465680
New Zealand,2005,839952,144241,575039,120672,407690,74059,276055,57576,432262,70182,298984,63096
Melanesia,2005,103878,21807,73953,8118,58643,11556,42440,4647,45235,10251,31513,3471
Fiji,2005,12435,2950,8461,1024,6564,1599,4402,563,5871,1351,4059,461
New Caledonia,2005,55405,8425,41390,5590,29909,4404,22400,3105,25496,4021,18990,2485
Papua New Guinea,2005,29967,9053,19731,1183,18942,4879,13246,817,11025,4174,6485,366
Solomon Islands,2005,3271,649,2429,193,1830,333,1403,94,1441,316,1026,99
Vanuatu,2005,2800,730,1942,128,1398,341,989,68,1402,389,953,60
Micronesia,2005,128390,26024,95507,6859,63769,12601,47685,3483,64621,13423,47822,3376
Guam,2005,74743,15912,53422,5409,38602,8104,27720,2778,36141,7808,25702,2631
Kiribati,2005,2487,1057,1352,78,1312,550,729,33,1175,507,623,45
Marshall Islands,2005,2417,608,1722,87,1485,352,1093,40,932,256,629,47
Micronesia (Fed. States of),2005,2905,699,2105,101,1565,307,1201,57,1340,392,904,44
Nauru,2005,2253,532,1545,176,1208,291,821,96,1045,241,724,80
Northern Mariana Islands,2005,37542,6166,30444,932,15977,2344,13208,425,21565,3822,17236,507
Palau,2005,6043,1050,4917,76,3620,653,2913,54,2423,397,2004,22
Polynesia,2005,73171,18051,51164,3956,39605,9181,28107,2317,33566,8870,23057,1639
American Samoa,2005,24233,5019,18185,1029,12498,2546,9432,520,11735,2473,8753,509
Cook Islands,2005,3277,1293,1827,157,1724,671,991,62,1553,622,836,95
French Polynesia,2005,32286,5797,24300,2189,18405,2919,14018,1468,13881,2878,10282,721
Niue,2005,522,249,253,20,282,124,148,10,240,125,105,10
Samoa,2005,5746,3023,2481,242,2940,1564,1271,105,2806,1459,1210,137
Tokelau,2005,258,147,95,16,133,73,54,6,125,74,41,10
Tonga,2005,4301,1724,2375,202,2328,881,1335,112,1973,843,1040,90
Tuvalu,2005,183,42,110,31,101,24,71,6,82,18,39,25
Wallis and Futuna Islands,2005,2365,757,1538,70,1194,379,787,28,1171,378,751,42
WORLD,2010,220019266,32644180,162885043,24488675,113583838,16777461,86043360,10762328,106435428,15866719,76841683,13726347
More developed regions,2010,130683517,14133674,99320726,17228318,63373864,7285118,48789703,7298666,67309653,6848556,50531023,9929652
Less developed regions,2010,89335749,18510506,63564317,7260357,50209974,9492343,37253657,3463662,39125775,9018163,26310660,3796695
Least developed countries,2010,9994197,3360457,6211851,421889,4998873,1674149,3119430,205294,4995324,1686308,3092421,216595
"Less developed regions, excluding least developed countries",2010,79393605,15153833,57393272,6845931,45238587,7820090,34155986,3262199,34155018,7333743,23237286,3583732
High-income countries,2010,141789049,17714097,108142223,15932729,73841855,9190142,57723795,6927918,67947194,8523955,50418428,9004811
Middle-income countries,2010,70204762,12322864,49679291,8202607,35796247,6307008,25824172,3665067,34408515,6015856,23855119,4537540
Upper-middle-income countries,2010,39705036,6460898,28807188,4436950,20443777,3342762,15154388,1946627,19261259,3118136,13652800,2490323
Lower-middle-income countries,2010,30499726,5861966,20872103,3765657,15352470,2964246,10669784,1718440,15147256,2897720,10202319,2047217
Low-income countries,2010,7545206,2481156,4731553,332497,3715829,1217887,2339308,158634,3829377,1263269,2392245,173863
Sub-Saharan Africa,2010,15691999,4921285,10049137,721008,8320074,2441006,5485429,393327,7371925,2480279,4563708,327681
AFRICA,2010,17007249,5236591,10984596,785493,9151195,2618766,6105155,426962,7856054,2617825,4879441,358531
Eastern Africa,2010,4657063,1532934,2903734,220395,2366216,755587,1500035,110594,2290847,777347,1403699,109801
Burundi,2010,235259,74318,149534,11407,115823,32109,78286,5428,119436,42209,71248,5979
Comoros,2010,12618,2327,9526,765,6060,1036,4639,385,6558,1291,4887,380
Djibouti,2010,101575,30084,68215,3276,53295,15981,35590,1724,48280,14103,32625,1552
Eritrea,2010,15676,4681,10521,474,8603,2633,5744,226,7073,2048,4777,248
Ethiopia,2010,567720,175255,371772,20693,297534,93784,194065,9685,270186,81471,177707,11008
Kenya,2010,926959,419580,475827,31552,459343,208574,235137,15632,467616,211006,240690,15920
Madagascar,2010,28905,6089,17813,5003,16410,2601,10142,3667,12495,3488,7671,1336
Malawi,2010,217722,54318,140254,23150,103869,26446,67494,9929,113853,27872,72760,13221
Mauritius,2010,24836,3253,20406,1177,13188,1624,10799,765,11648,1629,9607,412
Mayotte,2010,72757,18034,52425,2298,34500,8401,24841,1258,38257,9633,27584,1040
Mozambique,2010,214612,85209,120836,8567,104676,40444,59818,4414,109936,44765,61018,4153
Réunion,2010,123029,39114,78859,5056,62707,19859,39965,2883,60322,19255,38894,2173
Rwanda,2010,436787,134889,286725,15173,218425,65468,148254,4703,218362,69421,138471,10470
Seychelles,2010,11420,1140,9964,316,7804,720,6873,211,3616,420,3091,105
Somalia,2010,23995,9300,14264,431,12914,4519,8159,236,11081,4781,6105,195
South Sudan,2010,257905,105033,142198,10674,132693,51327,75020,6346,125212,53706,67178,4328
Uganda,2010,529160,169826,332280,27054,261646,81521,164674,15451,267514,88305,167606,11603
United Republic of Tanzania,2010,308600,78474,200357,29769,153984,39575,98897,15512,154616,38899,101460,14257
Zambia,2010,149637,44656,97357,7624,75775,21543,49909,4323,73862,23113,47448,3301
Zimbabwe,2010,397891,77354,304601,15936,226967,37422,181729,7816,170924,39932,122872,8120
Middle Africa,2010,2139979,751604,1300819,87556,1091761,376235,665598,49928,1048218,375369,635221,37628
Angola,2010,76549,21508,51062,3979,37113,8559,26597,1957,39436,12949,24465,2022
Cameroon,2010,289091,87319,184906,16866,160164,49033,100481,10650,128927,38286,84425,6216
Central African Republic,2010,93466,30836,57285,5345,49743,15550,31327,2866,43723,15286,25958,2479
Chad,2010,416924,177453,227688,11783,186773,76942,103287,6544,230151,100511,124401,5239
Congo,2010,419649,128236,271549,19864,228180,70592,145449,12139,191469,57644,126100,7725
Democratic Republic of the Congo,2010,588950,225963,339887,23100,284244,113022,158893,12329,304706,112941,180994,10771
Equatorial Guinea,2010,8658,1940,6365,353,4734,827,3728,179,3924,1113,2637,174
Gabon,2010,243992,77864,160591,5537,139458,41475,95050,2933,104534,36389,65541,2604
Sao Tome and Principe,2010,2700,485,1486,729,1352,235,786,331,1348,250,700,398
Northern Africa,2010,1893613,559038,1219253,115322,1125903,302334,763426,60143,767710,256704,455827,55179
Algeria,2010,216964,47017,149455,20492,114727,24302,81248,9177,102237,22715,68207,11315
Egypt,2010,295714,58116,219969,17629,166071,31805,124764,9502,129643,26311,95205,8127
Libya,2010,683998,183589,484088,16321,489737,107853,371312,10572,194261,75736,112776,5749
Morocco,2010,70909,17016,46659,7234,35738,8734,23986,3018,35171,8282,22673,4216
Sudan,2010,578363,243732,283794,50837,294782,124574,143700,26508,283581,119158,140094,24329
Tunisia,2010,43172,8727,31990,2455,22236,4604,16457,1175,20936,4123,15533,1280
Western Sahara,2010,4493,841,3298,354,2612,462,1959,191,1881,379,1339,163
Southern Africa,2010,2357093,407736,1793656,155701,1357200,209892,1071150,76158,999893,197844,722506,79543
Botswana,2010,120912,31924,85233,3755,66692,15214,49456,2022,54220,16710,35777,1733
Lesotho,2010,6414,1236,4819,359,3469,623,2650,196,2945,613,2169,163
Namibia,2010,102405,18739,72720,10946,55054,9766,40096,5192,47351,8973,32624,5754
South Africa,2010,2096886,348902,1609649,138335,1216129,180876,967489,67764,880757,168026,642160,70571
Swaziland,2010,30476,6935,21235,2306,15856,3413,11459,984,14620,3522,9776,1322
Western Africa,2010,5959501,1985279,3767134,206519,3210115,974718,2104946,130139,2749386,1010561,1662188,76380
Benin,2010,209267,69424,131643,8200,116139,34241,77551,4347,93128,35183,54092,3853
Burkina Faso,2010,673904,243818,413396,16690,320684,122109,191370,7205,353220,121709,222026,9485
Cabo Verde,2010,14373,2019,11624,730,7293,1029,6013,251,7080,990,5611,479
Côte d'Ivoire,2010,2095185,347110,1651539,96536,1160366,132540,958840,68986,934819,214570,692699,27550
Gambia,2010,185763,65800,116189,3774,98086,29747,65960,2379,87677,36053,50229,1395
Ghana,2010,337017,149646,170939,16432,171558,74817,86758,9983,165459,74829,84181,6449
Guinea,2010,177998,75846,95411,6741,92899,40437,48957,3505,85099,35409,46454,3236
Guinea-Bissau,2010,21061,9172,11177,712,10307,4610,5373,324,10754,4562,5804,388
Liberia,2010,99129,39460,57458,2211,56885,18068,37431,1386,42244,21392,20027,825
Mali,2010,336607,146484,178097,12026,172879,76629,90001,6249,163728,69855,88096,5777
Mauritania,2010,84679,37723,44243,2713,48605,20576,26582,1447,36074,17147,17661,1266
Niger,2010,126464,53825,69060,3579,60033,24816,33158,2059,66431,29009,35902,1520
Nigeria,2010,988679,499501,468505,20673,575671,273441,288042,14188,413008,226060,180463,6485
Saint Helena,2010,569,0,0,0,312,0,0,0,257,0,0,0
Senegal,2010,256092,85501,164008,6583,135879,46208,86545,3126,120213,39293,77463,3457
Sierra Leone,2010,97452,38283,56731,2438,53239,16282,35419,1538,44213,22001,21312,900
Togo,2010,255262,121667,127114,6481,129280,59168,66946,3166,125982,62499,60168,3315
ASIA,2010,65921788,11535627,48812974,5573187,37766937,5994812,29176605,2595520,28154851,5540815,19636369,2977667
Central Asia,2010,5262414,644577,3546194,1071643,2488477,327507,1740256,420714,2773937,317070,1805938,650929
Kazakhstan,2010,3334623,453790,2327188,553645,1625026,228627,1181211,215188,1709597,225163,1145977,338457
Kyrgyzstan,2010,231511,27458,151680,52373,94348,14036,63414,16898,137163,13422,88266,35475
Tajikistan,2010,278152,22318,190115,65719,120124,11240,83089,25795,158028,11078,107026,39924
Turkmenistan,2010,197979,19497,121296,57186,90600,10073,56615,23912,107379,9424,64681,33274
Uzbekistan,2010,1220149,121514,755915,342720,558379,63531,355927,138921,661770,57983,399988,203799
Eastern Asia,2010,7061814,777043,5291430,993341,3318241,412007,2432591,473643,3743573,365036,2858839,519698
China,2010,849861,203594,574436,71831,505758,121433,339934,44391,344103,82161,234502,27440
"China, Hong Kong SAR",2010,2779950,203981,1852233,723736,1147539,104721,701580,341238,1632411,99260,1150653,382498
"China, Macao SAR",2010,318506,18845,269296,30365,146407,9264,124008,13135,172099,9581,145288,17230
Dem. People's Republic of Korea,2010,44010,9445,31239,3326,21766,4751,15506,1509,22244,4694,15733,1817
Japan,2010,2134151,288339,1697186,148626,959860,145959,748684,65217,1174291,142380,948502,83409
Mongolia,2010,16061,1758,13870,433,11880,999,10664,217,4181,759,3206,216
Republic of Korea,2010,919275,51081,853170,15024,525031,24880,492215,7936,394244,26201,360955,7088
Southern Asia,2010,14307646,2006052,10535831,1765763,7493456,1060463,5548641,884352,6814190,945589,4987190,881411
Afghanistan,2010,102246,28734,71079,2433,57709,15598,40695,1416,44537,13136,30384,1017
Bangladesh,2010,1345546,446557,884952,14037,710548,234434,468587,7527,634998,212123,416365,6510
Bhutan,2010,48420,6353,40012,2055,39283,4338,33512,1433,9137,2015,6500,622
India,2010,5436012,394789,3893222,1148001,2787826,205224,2013535,569067,2648186,189565,1879687,578934
Iran (Islamic Republic of),2010,2761561,753460,1932277,75824,1571723,404988,1119891,46844,1189838,348472,812386,28980
Maldives,2010,54659,12563,39606,2490,41712,7589,32123,2000,12947,4974,7483,490
Nepal,2010,578657,74009,458949,45699,189518,35985,139972,13561,389139,38024,318977,32138
Pakistan,2010,3941586,271653,3199163,470770,2074443,143003,1691009,240431,1867143,128650,1508154,230339
Sri Lanka,2010,38959,17934,16571,4454,20694,9304,9317,2073,18265,8630,7254,2381
South-Eastern Asia,2010,8673693,1494678,6710981,468034,4502523,719497,3548489,234537,4171170,775181,3162492,233497
Brunei Darussalam,2010,100587,20774,74623,5190,56723,10733,43264,2726,43864,10041,31359,2464
Cambodia,2010,81977,15543,63050,3384,43385,7946,33725,1714,38592,7597,29325,1670
Indonesia,2010,305416,117712,175256,12448,174864,59964,107189,7711,130552,57748,68067,4737
Lao People's Democratic Republic,2010,32473,6845,24347,1281,17424,2983,13881,560,15049,3862,10466,721
Malaysia,2010,2406011,364150,1998485,43376,1437206,194971,1218516,23719,968805,169179,779969,19657
Myanmar,2010,76414,16175,54747,5492,41574,7139,32135,2300,34840,9036,22612,3192
Philippines,2010,208599,61446,123036,24117,107933,28232,66232,13469,100666,33214,56804,10648
Singapore,2010,2164794,316960,1642126,205708,956856,144075,727096,85685,1207938,172885,915030,120023
Thailand,2010,3224131,559986,2499869,164276,1624755,256162,1273297,95296,1599376,303824,1226572,68980
Timor-Leste,2010,11535,2068,9131,336,5832,892,4778,162,5703,1176,4353,174
Viet Nam,2010,61756,13019,46311,2426,35971,6400,28376,1195,25785,6619,17935,1231
Western Asia,2010,30616221,6613277,22728538,1274406,19964240,3475338,15906628,582274,10651981,3137939,6821910,692132
Armenia,2010,221560,20374,133545,67641,90345,10351,54853,25141,131215,10023,78692,42500
Azerbaijan,2010,276901,37134,189467,50300,129512,19933,88773,20806,147389,17201,100694,29494
Bahrain,2010,657856,78728,576497,2631,475905,40543,433803,1559,181951,38185,142694,1072
Cyprus,2010,188472,23869,153119,11484,82477,11882,65070,5525,105995,11987,88049,5959
Georgia,2010,73034,14603,41224,17207,31972,8590,17468,5914,41062,6013,23756,11293
Iraq,2010,117389,30622,83817,2950,72965,17354,54085,1526,44424,13268,29732,1424
Israel,2010,1950615,208297,1192192,550126,890352,103984,553314,233054,1060263,104313,638878,317072
Jordan,2010,2722983,1285727,1326596,110660,1384313,647272,682075,54966,1338670,638455,644521,55694
Kuwait,2010,1871537,538016,1312735,20786,1309814,351622,943102,15090,561723,186394,369633,5696
Lebanon,2010,820655,346100,445270,29285,427358,179990,233449,13919,393297,166110,211821,15366
Oman,2010,816221,94818,716264,5139,658746,57995,597285,3466,157475,36823,118979,1673
Qatar,2010,1456413,179270,1270617,6526,1206571,115823,1085796,4952,249842,63447,184821,1574
Saudi Arabia,2010,8429956,2016461,6327281,86214,5933281,1086762,4791276,55243,2496675,929699,1536005,30971
State of Palestine,2010,258032,66063,153819,38150,114688,33789,65527,15372,143344,32274,88292,22778
Syrian Arab Republic,2010,1785115,329322,1444356,11437,911756,164479,742088,5189,873359,164843,702268,6248
Turkey,2010,1367034,176072,963540,227422,625960,88232,437605,100123,741074,87840,525935,127299
United Arab Emirates,2010,7316611,1077279,6215021,24311,5463515,489422,4959253,14840,1853096,587857,1255768,9471
Yemen,2010,285837,90522,183178,12137,154710,47315,101806,5589,131127,43207,81372,6548
EUROPE,2010,70747947,7074749,54297216,9375183,34088276,3609892,26506754,3971253,36659671,3464857,27790462,5403930
Eastern Europe,2010,19127781,1510835,14343592,3273354,9038075,778719,6997968,1261388,10089706,732116,7345624,2011966
Belarus,2010,1090378,54798,806855,228725,499384,28501,377993,92890,590994,26297,428862,135835
Bulgaria,2010,76287,11894,48353,16040,33841,6274,21555,6012,42446,5620,26798,10028
Czechia,2010,398493,31991,355542,10960,236160,16387,214354,5419,162333,15604,141188,5541
Hungary,2010,436616,45788,307637,83191,210212,23663,153853,32696,226404,22125,153784,50495
Poland,2010,642417,66468,151344,424605,262263,33524,72566,156173,380154,32944,78778,268432
Republic of Moldova,2010,157668,22888,94345,40435,60541,11027,37446,12068,97127,11861,56899,28367
Romania,2010,166126,37663,67117,61346,81861,19244,38059,24558,84265,18419,29058,36788
Russian Federation,2010,11194710,948465,8873648,1372597,5514401,496421,4472871,545109,5680309,452044,4400777,827488
Slovakia,2010,146319,16296,92655,37368,66938,8461,44489,13988,79381,7835,48166,23380
Ukraine,2010,4818767,274584,3546096,998087,2072474,135217,1564782,372475,2746293,139367,1981314,625612
Northern Europe,2010,11810676,1449578,8891907,1469191,5676328,720838,4341380,614110,6134348,728740,4550527,855081
Channel Islands,2010,77581,7244,60923,9414,36982,3916,29327,3739,40599,3328,31596,5675
Denmark,2010,509740,67235,402360,40145,246217,33700,195744,16773,263523,33535,206616,23372
Estonia,2010,217890,5908,133696,78286,87644,2876,60515,24253,130246,3032,73181,54033
Faeroe Islands,2010,5096,1933,2856,307,2700,1014,1541,145,2396,919,1315,162
Finland,2010,248135,36691,198294,13150,125389,18622,101360,5407,122746,18069,96934,7743
Iceland,2010,35091,7429,26426,1236,17619,3737,13437,445,17472,3692,12989,791
Ireland,2010,730542,149255,536088,45199,360440,74945,264890,20605,370102,74310,271198,24594
Isle of Man,2010,43447,4292,30607,8548,21361,2263,15378,3720,22086,2029,15229,4828
Latvia,2010,313786,5798,187372,120616,124675,3038,82977,38660,189111,2760,104395,81956
Lithuania,2010,160772,8221,103977,48574,69606,4241,49034,16331,91166,3980,54943,32243
Norway,2010,526799,83624,413212,29963,268505,42353,213455,12697,258294,41271,199757,17266
Sweden,2010,1337214,151122,991301,194791,648004,77152,487336,83516,689210,73970,503965,111275
United Kingdom,2010,7604583,920826,5804795,878962,3667186,452981,2826386,387819,3937397,467845,2978409,491143
Southern Europe,2010,16205444,2163279,12823691,1217675,7872494,1113954,6248328,509835,8332950,1049325,6575363,707840
Albania,2010,52784,30062,15914,6808,26901,15232,8552,3117,25883,14830,7362,3691
Andorra,2010,52053,3784,40806,7463,27486,1896,21759,3831,24567,1888,19047,3632
Bosnia and Herzegovina,2010,38792,7330,27496,3966,18504,3985,12770,1749,20288,3345,14726,2217
Croatia,2010,573248,37338,411982,123928,268466,19010,196434,53022,304782,18328,215548,70906
Gibraltar,2010,10369,2651,7330,388,5171,1137,3816,218,5198,1514,3514,170
Greece,2010,1321149,151997,1075528,93624,640731,78993,524056,37682,680418,73004,551472,55942
Holy See,2010,794,0,0,0,377,0,0,0,417,0,0,0
Italy,2010,5787898,860707,4643323,283868,2663889,449790,2115482,98617,3124009,410917,2527841,185251
Malta,2010,33008,3469,26110,3429,17118,1763,13664,1691,15890,1706,12446,1738
Montenegro,2010,78507,9140,58616,10751,31636,4724,23106,3806,46871,4416,35510,6945
Portugal,2010,762825,85147,636309,41369,371536,42616,310162,18758,391289,42531,326147,22611
San Marino,2010,4399,723,3543,133,2435,348,2001,86,1964,375,1542,47
Serbia,2010,826066,37009,567735,221322,364654,18906,256221,89527,461412,18103,311514,131795
Slovenia,2010,253786,15873,199069,38844,141285,8129,114466,18690,112501,7744,84603,20154
Spain,2010,6280065,899370,5030607,350088,3238238,457841,2613961,166436,3041827,441529,2416646,183652
TFYR Macedonia,2010,129701,18679,79323,31699,54067,9584,31878,12605,75634,9095,47445,19094
Western Europe,2010,23604046,1951057,18238026,3414963,11501379,996381,8919078,1585920,12102667,954676,9318948,1829043
Austria,2010,1275992,121606,974887,179499,608918,62463,472827,73628,667074,59143,502060,105871
Belgium,2010,1119256,197363,800378,121515,568348,99944,411880,56524,550908,97419,388498,64991
France,2010,7196481,620095,5186567,1389819,3508928,314123,2536072,658733,3687553,305972,2650495,731086
Germany,2010,9812263,630114,7977478,1204671,4848689,331434,3931879,585376,4963574,298680,4045599,619295
Liechtenstein,2010,22342,3305,16653,2384,10867,1664,8196,1007,11475,1641,8457,1377
Luxembourg,2010,248888,32360,194181,22347,126129,16721,99885,9523,122759,15639,94296,12824
Monaco,2010,21132,2027,12661,6444,10325,1017,6295,3013,10807,1010,6366,3431
Netherlands,2010,1832510,170071,1465796,196643,881264,85235,707601,88428,951246,84836,758195,108215
Switzerland,2010,2075182,174116,1609425,291641,937911,83780,744443,109688,1137271,90336,864982,181953
LATIN AMERICA AND THE CARIBBEAN,2010,8246652,1964823,5253036,1028793,4094772,993621,2606540,494611,4151880,971202,2646496,534182
Caribbean,2010,1353589,264844,990519,98226,692766,135804,507467,49495,660823,129040,483052,48731
Anguilla,2010,5103,1301,3603,199,2415,604,1743,68,2688,697,1860,131
Antigua and Barbuda,2010,26412,5326,19754,1332,11788,2709,8482,597,14624,2617,11272,735
Aruba,2010,34327,4235,27694,2398,15311,2092,12232,987,19016,2143,15462,1411
Bahamas,2010,54736,6711,42885,5140,27878,3460,21722,2696,26858,3251,21163,2444
Barbados,2010,32825,6018,22946,3861,14746,3059,10187,1500,18079,2959,12759,2361
British Virgin Islands,2010,17074,2857,13065,1152,8415,1389,6417,609,8659,1468,6648,543
Caribbean Netherlands,2010,11445,2289,8056,1100,5530,1272,3758,500,5915,1017,4298,600
Cayman Islands,2010,24057,4314,18134,1609,12312,2281,9216,815,11745,2033,8918,794
Cuba,2010,14818,1554,9615,3649,6611,854,3973,1784,8207,700,5642,1865
Curaçao,2010,34627,6423,23690,4514,14195,3171,9317,1707,20432,3252,14373,2807
Dominica,2010,5765,2465,2917,383,3027,1272,1569,186,2738,1193,1348,197
Dominican Republic,2010,393720,90655,287582,15483,238742,47549,180406,10787,154978,43106,107176,4696
Grenada,2010,6980,1968,4411,601,3463,1022,2150,291,3517,946,2261,310
Guadeloupe,2010,94942,26287,64719,3936,42768,13191,27443,2134,52174,13096,37276,1802
Haiti,2010,35104,8363,24461,2280,20162,4839,13996,1327,14942,3524,10465,953
Jamaica,2010,23677,7870,13249,2558,12024,4129,6766,1129,11653,3741,6483,1429
Martinique,2010,59575,15864,40530,3181,26330,7620,17288,1422,33245,8244,23242,1759
Montserrat,2010,1277,351,840,86,657,191,429,37,620,160,411,49
Puerto Rico,2010,304969,34188,248939,21842,142939,17145,115599,10195,162030,17043,133340,11647
Saint Kitts and Nevis,2010,7245,2339,4415,491,3806,1160,2390,256,3439,1179,2025,235
Saint Lucia,2010,12100,3655,7381,1064,6106,1850,3706,550,5994,1805,3675,514
Saint Vincent and the Grenadines,2010,4485,1831,2397,257,2190,913,1157,120,2295,918,1240,137
Sint Maarten (Dutch part),2010,26200,6324,18654,1222,12570,3041,8974,555,13630,3283,9680,667
Trinidad and Tobago,2010,48226,9965,28556,9705,23152,5081,13678,4393,25074,4884,14878,5312
Turks and Caicos Islands,2010,17216,4900,11942,374,8907,2521,6214,172,8309,2379,5728,202
United States Virgin Islands,2010,56684,6791,40084,9809,26722,3389,18655,4678,29962,3402,21429,5131
Central America,2010,1749940,764742,885580,99618,874453,385191,437750,51512,875487,379551,447830,48106
Belize,2010,46360,6311,36829,3220,23459,2877,18826,1756,22901,3434,18003,1464
Costa Rica,2010,405404,52086,323822,29496,195873,25640,154968,15265,209531,26446,168854,14231
El Salvador,2010,40324,9073,28310,2941,19148,4428,13481,1239,21176,4645,14829,1702
Guatemala,2010,66384,15026,47854,3504,30917,7888,21283,1746,35467,7138,26571,1758
Honduras,2010,27288,6332,19050,1906,14306,2737,10440,1129,12982,3595,8610,777
Mexico,2010,969538,636445,291161,41932,490691,321574,147805,21312,478847,314871,143356,20620
Nicaragua,2010,37333,17913,17538,1882,19128,9117,8961,1050,18205,8796,8577,832
Panama,2010,157309,21556,121016,14737,80931,10930,61986,8015,76378,10626,59030,6722
South America,2010,5143123,935237,3376937,830949,2527553,472626,1661323,393604,2615570,462611,1715614,437345
Argentina,2010,1805957,200308,1226083,379566,831696,97174,566482,168040,974261,103134,659601,211526
Bolivia (Plurinational State of),2010,122846,51442,65242,6162,64380,26126,35151,3103,58466,25316,30091,3059
Brazil,2010,592568,76028,307834,208706,319882,39714,172989,107179,272686,36314,134845,101527
Chile,2010,369436,91091,254814,23531,174079,45409,117599,11071,195357,45682,137215,12460
Colombia,2010,124271,50812,64547,8912,65622,26112,34653,4857,58649,24700,29894,4055
Ecuador,2010,325366,140719,170895,13752,167773,72503,88283,6987,157593,68216,82612,6765
Falkland Islands (Malvinas),2010,1436,366,1000,70,807,212,558,37,629,154,442,33
French Guiana,2010,96288,18591,73504,4193,46564,9114,35403,2047,49724,9477,38101,2146
Guyana,2010,13126,3552,8901,673,7023,1763,4842,418,6103,1789,4059,255
Paraguay,2010,160299,32736,114207,13356,83394,16845,59785,6764,76905,15891,54422,6592
Peru,2010,84066,27149,47047,9870,42204,13818,23970,4416,41862,13331,23077,5454
Suriname,2010,39713,13544,24262,1907,21659,7162,13401,1096,18054,6382,10861,811
Uruguay,2010,76263,15044,32126,29093,34507,7702,14603,12202,41756,7342,17523,16891
Venezuela (Bolivarian Republic of),2010,1331488,213855,986475,131158,667963,108972,493604,65387,663525,104883,492871,65771
NORTHERN AMERICA,2010,50970996,6047270,38424342,6499384,24944651,3157282,19107825,2679544,26026345,2889988,19316517,3819840
Bermuda,2010,18884,1739,14908,2237,9202,825,7485,892,9682,914,7423,1345
Canada,2010,6761226,672636,4803113,1285477,3236539,343346,2294417,598776,3524687,329290,2508696,686701
Greenland,2010,6226,768,5036,422,4210,379,3472,359,2016,389,1564,63
Saint Pierre and Miquelon,2010,1017,259,694,64,531,135,373,23,486,124,321,41
United States of America,2010,44183643,5371868,33600591,5211184,21694169,2812597,16802078,2079494,22489474,2559271,16798513,3131690
OCEANIA,2010,7124634,785120,5112879,1226635,3538007,403088,2540481,594438,3586627,382032,2572398,632197
Australia/New Zealand,2010,6830423,723316,4901982,1205125,3381077,371985,2426440,582652,3449346,351331,2475542,622473
Australia,2010,5882980,572970,4247140,1062870,2922030,294820,2112730,514480,2960950,278150,2134410,548390
New Zealand,2010,947443,150346,654842,142255,459047,77165,313710,68172,488396,73181,341132,74083
Melanesia,2010,105684,21120,74732,9832,59426,10832,43082,5512,46258,10288,31650,4320
Fiji,2010,13351,3195,9056,1100,7137,1748,4780,609,6214,1447,4276,491
New Caledonia,2010,61158,8484,45384,7290,32886,4445,24407,4034,28272,4039,20977,3256
Papua New Guinea,2010,25424,8083,16195,1146,16370,4000,11663,707,9054,4083,4532,439
Solomon Islands,2010,2760,567,2002,191,1546,290,1155,101,1214,277,847,90
Vanuatu,2010,2991,791,2095,105,1487,349,1077,61,1504,442,1018,44
Micronesia,2010,115948,24119,85208,6621,58400,11873,43263,3264,57548,12246,41945,3357
Guam,2010,75416,16054,53899,5463,38924,8256,27942,2726,36492,7798,25957,2737
Kiribati,2010,2868,1217,1554,97,1512,636,828,48,1356,581,726,49
Marshall Islands,2010,3089,763,2217,109,1895,432,1406,57,1194,331,811,52
Micronesia (Fed. States of),2010,2805,668,2008,129,1502,297,1130,75,1303,371,878,54
Nauru,2010,2112,498,1473,141,1133,272,783,78,979,226,690,63
Northern Mariana Islands,2010,24168,3967,19594,607,10223,1430,8563,230,13945,2537,11031,377
Palau,2010,5490,952,4463,75,3211,550,2611,50,2279,402,1852,25
Polynesia,2010,72579,16565,50957,5057,39104,8398,27696,3010,33475,8167,23261,2047
American Samoa,2010,23555,4594,17775,1186,12098,2336,9152,610,11457,2258,8623,576
Cook Islands,2010,3769,1375,2205,189,1895,683,1144,68,1874,692,1061,121
French Polynesia,2010,31640,5030,23495,3115,18037,2568,13389,2080,13603,2462,10106,1035
Niue,2010,545,258,265,22,295,128,157,10,250,130,108,12
Samoa,2010,5122,2572,2312,238,2594,1302,1181,111,2528,1270,1131,127
Tokelau,2010,429,244,156,29,206,109,88,9,223,135,68,20
Tonga,2010,4589,1565,2833,191,2493,807,1590,96,2096,758,1243,95
Tuvalu,2010,154,38,94,22,85,22,59,4,69,16,35,18
Wallis and Futuna Islands,2010,2776,889,1822,65,1401,443,936,22,1375,446,886,43
WORLD,2015,247585744,35308704,183911527,28364109,127597596,17940589,97025303,12630995,119988148,17368115,86886224,15733114
More developed regions,2015,140250197,12350611,107185324,20713462,67530336,6300864,52277028,8952070,72719861,6049747,54908296,11761392
Less developed regions,2015,107335547,22958093,76726203,7650647,60067260,11639725,44748275,3678925,47268287,11318368,31977928,3971722
Least developed countries,2015,13804757,4567430,8654559,582768,6872458,2236911,4350979,284568,6932299,2330519,4303580,298200
"Less developed regions, excluding least developed countries",2015,93572872,18393973,68103998,7074297,53217023,9404469,40414675,3397544,40355849,8989504,27689323,3676753
High-income countries,2015,156816897,16621530,120869624,19325743,81724101,8596501,64570451,8557149,75092796,8025029,56299173,10768594
Middle-income countries,2015,79772836,15029740,56173893,8569203,40472786,7555452,29069496,3847838,39300050,7474288,27104397,4721365
Upper-middle-income countries,2015,48222417,8696244,34662235,4863938,24693556,4407202,18135865,2150489,23528861,4289042,16526370,2713449
Lower-middle-income countries,2015,31550419,6333496,21511658,3705265,15779230,3148250,10933631,1697349,15771189,3185246,10578027,2007916
Low-income countries,2015,10491456,3532302,6514605,444549,5161902,1727180,3221196,213526,5329554,1805122,3293409,231023
Sub-Saharan Africa,2015,21705234,6673721,14001235,1029674,11363786,3253636,7583135,526680,10341448,3420085,6418100,502994
AFRICA,2015,23436088,7071035,15256219,1108230,12436082,3475836,8391503,568408,11000006,3595199,6864716,539822
Eastern Africa,2015,6920965,2389343,4225785,305837,3470486,1172211,2145540,152735,3450479,1217132,2080245,153102
Burundi,2015,289810,86299,189577,13934,142790,37062,99112,6616,147020,49237,90465,7318
Comoros,2015,12555,2275,9502,778,6071,1027,4642,402,6484,1248,4860,376
Djibouti,2015,112351,32100,76489,3762,59081,17365,39730,1986,53270,14735,36759,1776
Eritrea,2015,15941,4644,10798,499,8833,2635,5957,241,7108,2009,4841,258
Ethiopia,2015,1162576,552219,587482,22875,591876,283934,297174,10768,570700,268285,290308,12107
Kenya,2015,1084357,470170,568276,45911,541644,235902,282827,22915,542713,234268,285449,22996
Madagascar,2015,32075,6716,19273,6086,18270,2898,10932,4440,13805,3818,8341,1646
Malawi,2015,232803,58139,153304,21360,110893,28328,73305,9260,121910,29811,79999,12100
Mauritius,2015,28585,3707,23250,1628,15832,1916,12837,1079,12753,1791,10413,549
Mayotte,2015,73992,16285,54245,3462,34235,7618,24804,1813,39757,8667,29441,1649
Mozambique,2015,238930,82146,146571,10213,116916,38871,72779,5266,122014,43275,73792,4947
Réunion,2015,127209,40440,81535,5234,64537,20563,40978,2996,62672,19877,40557,2238
Rwanda,2015,441525,132871,292498,16156,220017,64235,150566,5216,221508,68636,141932,10940
Seychelles,2015,12791,1326,11063,402,8954,866,7811,277,3837,460,3252,125
Somalia,2015,41578,16244,24437,897,21904,7661,13743,500,19674,8583,10694,397
South Sudan,2015,844122,290520,524676,28926,430949,139520,276573,14856,413173,151000,248103,14070
Uganda,2015,1197162,392072,750597,54493,565433,180106,357211,28116,631729,211966,393386,26377
United Republic of Tanzania,2015,413309,99829,281013,32467,206327,53553,135224,17550,206982,46276,145789,14917
Zambia,2015,155428,35670,110198,9560,78545,17057,56100,5388,76883,18613,54098,4172
Zimbabwe,2015,403866,65671,311001,27194,227379,31094,183235,13050,176487,34577,127766,14144
Middle Africa,2015,3436978,1145880,2154359,136739,1769454,552274,1142277,74903,1667524,593606,1012082,61836
Angola,2015,632178,224385,378434,29359,304635,91160,198948,14527,327543,133225,179486,14832
Cameroon,2015,508357,176802,310224,21331,251316,89616,149167,12533,257041,87186,161057,8798
Central African Republic,2015,81598,24006,52812,4780,43163,12014,28611,2538,38435,11992,24201,2242
Chad,2015,516968,215600,283841,17527,238140,97393,131298,9449,278828,118207,152543,8078
Congo,2015,392996,122165,252769,18062,215274,67479,136724,11071,177722,54686,116045,6991
Democratic Republic of the Congo,2015,824492,304436,486874,33182,401058,153450,229407,18201,423434,150986,257467,14981
Equatorial Guinea,2015,209611,3716,204714,1181,161527,1063,159962,502,48084,2653,44752,679
Gabon,2015,268384,74312,183314,10758,153144,39878,107438,5828,115240,34434,75876,4930
Sao Tome and Principe,2015,2394,458,1377,559,1197,221,722,254,1197,237,655,305
Northern Africa,2015,2354732,649669,1569628,135435,1385824,350031,965061,70732,968908,299638,604567,64703
Algeria,2015,239473,51008,168367,20098,126522,26248,91308,8966,112951,24760,77059,11132
Egypt,2015,565931,106256,432142,27533,317824,58166,244844,14814,248107,48090,187298,12719
Libya,2015,771146,206978,545761,18407,549153,120713,416065,12375,221993,86265,129696,6032
Morocco,2015,92424,21192,62972,8260,46387,10728,32168,3491,46037,10464,30804,4769
Sudan,2015,623878,252355,314644,56879,313528,127831,156693,29004,310350,124524,157951,27875
Tunisia,2015,56701,10921,41934,3846,29351,5809,21688,1854,27350,5112,20246,1992
Western Sahara,2015,5179,959,3808,412,3059,536,2295,228,2120,423,1513,184
Southern Africa,2015,4112793,781893,3047064,283836,2282281,382637,1782859,116785,1830512,399256,1264205,167051
Botswana,2015,160644,41226,113158,6260,87873,19445,65088,3340,72771,21781,48070,2920
Lesotho,2015,6572,1283,4831,458,3558,647,2660,251,3014,636,2171,207
Namibia,2015,96888,15053,72728,9107,52187,7796,40050,4341,44701,7257,32678,4766
South Africa,2015,3816696,717047,2834233,265416,2122100,351172,1663231,107697,1694596,365875,1171002,157719
Swaziland,2015,31993,7284,22114,2595,16563,3577,11830,1156,15430,3707,10284,1439
Western Africa,2015,6610620,2104250,4259383,246383,3528037,1018683,2355766,153253,3082583,1085567,1903617,93130
Benin,2015,245399,71946,163208,10245,137662,35742,96451,5469,107737,36204,66757,4776
Burkina Faso,2015,704676,188863,491835,23978,335328,94885,229968,10475,369348,93978,261867,13503
Cabo Verde,2015,14924,1831,12207,886,7547,931,6311,305,7377,900,5896,581
Côte d'Ivoire,2015,2175399,358897,1715076,101426,1204616,136807,995317,72492,970783,222090,719759,28934
Gambia,2015,192540,58205,127684,6651,101501,25504,71869,4128,91039,32701,55815,2523
Ghana,2015,399471,142547,238908,18016,203351,71279,121134,10938,196120,71268,117774,7078
Guinea,2015,126386,46916,72257,7213,74060,28025,41794,4241,52326,18891,30463,2972
Guinea-Bissau,2015,22333,9273,12296,764,10826,4619,5867,340,11507,4654,6429,424
Liberia,2015,113779,38060,72061,3658,64879,16449,46197,2233,48900,21611,25864,1425
Mali,2015,365145,139298,212013,13834,187111,72517,107514,7080,178034,66781,104499,6754
Mauritania,2015,166552,77430,83478,5644,94070,41580,49524,2966,72482,35850,33954,2678
Niger,2015,252998,105510,138908,8580,119915,49091,66100,4724,133083,56419,72808,3856
Nigeria,2015,1199115,616248,553762,29105,657887,317942,320405,19540,541228,298306,233357,9565
Saint Helena,2015,604,0,0,0,335,0,0,0,269,0,0,0
Senegal,2015,263242,83616,172719,6907,139689,45288,91129,3272,123553,38328,81590,3635
Sierra Leone,2015,91213,34661,53905,2647,49962,15035,33201,1726,41251,19626,20704,921
Togo,2015,276844,130949,139066,6829,139298,62989,72985,3324,137546,67960,66081,3505
ASIA,2015,76558152,13900374,57049617,5608161,43871656,7158626,34069799,2643231,32686496,6741748,22979818,2964930
Central Asia,2015,5393504,631701,3682381,1079422,2596652,324536,1819921,452195,2796852,307165,1862460,627227
Kazakhstan,2015,3546778,464914,2521099,560765,1758182,237332,1281341,239509,1788596,227582,1239758,321256
Kyrgyzstan,2015,204382,17674,142259,44449,82616,9024,59279,14313,121766,8650,82980,30136
Tajikistan,2015,275059,19351,181190,74518,118597,9683,78330,30584,156462,9668,102860,43934
Turkmenistan,2015,196386,18070,121288,57028,91523,9413,57274,24836,104863,8657,64014,32192
Uzbekistan,2015,1170899,111692,716545,342662,545734,59084,343697,142953,625165,52608,372848,199709
Eastern Asia,2015,7600768,848846,5747849,1004073,3558107,450906,2637185,470016,4042661,397940,3110664,534057
China,2015,978046,226929,652631,98486,600136,139928,397974,62234,377910,87001,254657,36252
"China, Hong Kong SAR",2015,2838665,215022,1958539,665104,1119957,108573,702741,308643,1718708,106449,1255798,356461
"China, Macao SAR",2015,342703,23953,279629,39121,155692,11817,126184,17691,187011,12136,153445,21430
Dem. People's Republic of Korea,2015,48458,9586,34755,4117,24110,4867,17332,1911,24348,4719,17423,2206
Japan,2015,2232189,307793,1746404,177992,1003955,154781,779124,70050,1228234,153012,967280,107942
Mongolia,2015,17620,2045,14999,576,12857,1183,11375,299,4763,862,3624,277
Republic of Korea,2015,1143087,63518,1060892,18677,641400,29757,602455,9188,501687,33761,458437,9489
Southern Asia,2015,14173830,2021501,10595006,1557323,7259386,1022369,5468441,768576,6914444,999132,5126565,788747
Afghanistan,2015,489749,216014,268934,4801,248212,105952,139711,2549,241537,110062,129223,2252
Bangladesh,2015,1422805,326316,1065572,30917,752035,169240,566266,16529,670770,157076,499306,14388
Bhutan,2015,51106,6872,41790,2444,41441,4677,35064,1700,9665,2195,6726,744
India,2015,5240960,392288,3816138,1032534,2684680,203575,1969429,511676,2556280,188713,1846709,520858
Iran (Islamic Republic of),2015,2726420,743870,1907685,74865,1445236,368653,1032927,43656,1281184,375217,874758,31209
Maldives,2015,64273,2326,61786,161,56345,1653,54563,129,7928,673,7223,32
Nepal,2015,509855,55983,403963,49909,156556,26769,115987,13800,353299,29214,287976,36109
Pakistan,2015,3628956,260392,3011411,357153,1854136,132946,1544747,176443,1774820,127446,1466664,180710
Sri Lanka,2015,39706,17440,17727,4539,20745,8904,9747,2094,18961,8536,7980,2445
South-Eastern Asia,2015,9609923,1445033,7660325,504565,4991961,697626,4029502,264833,4617962,747407,3630823,239732
Brunei Darussalam,2015,102733,21042,75303,6388,58181,10992,43796,3393,44552,10050,31507,2995
Cambodia,2015,73963,7228,62868,3867,39854,3737,34137,1980,34109,3491,28731,1887
Indonesia,2015,338124,109249,211955,16920,196717,55742,130382,10593,141407,53507,81573,6327
Lao People's Democratic Republic,2015,44575,7839,34881,1855,23917,3310,19854,753,20658,4529,15027,1102
Malaysia,2015,2650617,317096,2282832,50689,1601033,170050,1402171,28812,1049584,147046,880661,21877
Myanmar,2015,73308,15515,52516,5277,40177,6926,31016,2235,33131,8589,21500,3042
Philippines,2015,211862,62853,125465,23544,109783,29248,66697,13838,102079,33605,58768,9706
Singapore,2015,2543638,337339,1986389,219910,1122986,154203,871475,97308,1420652,183136,1114914,122602
Thailand,2015,3486526,551432,2763562,171532,1751187,256131,1391294,103762,1735339,295301,1372268,67770
Timor-Leste,2015,11784,2232,9045,507,5958,936,4777,245,5826,1296,4268,262
Viet Nam,2015,72793,13208,55509,4076,42168,6351,33903,1914,30625,6857,21606,2162
Western Asia,2015,39780127,8953293,29364056,1462778,25465550,4663189,20114750,687611,14314577,4290104,9249306,775167
Armenia,2015,191199,17581,115246,58372,77436,8893,47019,21524,113763,8688,68227,36848
Azerbaijan,2015,264241,35133,183251,45857,126600,19182,87915,19503,137641,15951,95336,26354
Bahrain,2015,704137,114634,577746,11757,508966,62344,439330,7292,195171,52290,138416,4465
Cyprus,2015,192020,23115,154203,14702,84153,11466,65643,7044,107867,11649,88560,7658
Georgia,2015,76685,19145,40130,17410,33570,11245,17363,4962,43115,7900,22767,12448
Iraq,2015,359381,60561,285595,13225,209233,32842,170610,5781,150148,27719,114985,7444
Israel,2015,2011727,199381,1288287,524059,912899,98789,595148,218962,1098828,100592,693139,305097
Jordan,2015,3112026,1489185,1466763,156078,1567177,743037,747065,77075,1544849,746148,719698,79003
Kuwait,2015,2866136,512747,2311266,42123,1888220,304005,1554062,30153,977916,208742,757204,11970
Lebanon,2015,1973204,909289,999535,64380,948425,433195,485759,29471,1024779,476094,513776,34909
Oman,2015,1814591,109095,1698012,7484,1500622,56268,1439443,4911,313969,52827,258569,2573
Qatar,2015,1687640,273472,1406840,7328,1416361,213954,1196127,6280,271279,59518,210713,1048
Saudi Arabia,2015,10771366,2412787,8246223,112356,7461502,1246159,6145342,70001,3309864,1166628,2100881,42355
State of Palestine,2015,255507,56346,163444,35717,113237,28774,70278,14185,142270,27572,93166,21532
Syrian Arab Republic,2015,993940,185149,798643,10148,507660,92497,410530,4633,486280,92652,388113,5515
Turkey,2015,4131302,1216500,2640261,274541,1939780,617969,1200148,121663,2191522,598531,1440113,152878
United Arab Emirates,2015,7995126,1200726,6745068,49332,5970310,622669,5311377,36264,2024816,578057,1433691,13068
Yemen,2015,379899,118447,243543,17909,199399,59901,131591,7907,180500,58546,111952,10002
EUROPE,2015,74501508,6882365,57184257,10434086,35679134,3528425,27672034,4478301,38822374,3353940,29512223,5955785
Eastern Europe,2015,19880519,1543107,14947956,3389456,9402336,790105,7291878,1320353,10478183,753002,7656078,2069103
Belarus,2015,1082905,37956,796727,248222,495961,19733,374807,101421,586944,18223,421920,146801
Bulgaria,2015,133803,39659,74070,20074,59356,19205,33380,6771,74447,20454,40690,13303
Czechia,2015,416454,28270,369693,18491,239228,14335,215186,9707,177226,13935,154507,8784
Hungary,2015,475508,57225,337212,81071,235719,29459,173589,32671,239789,27766,163623,48400
Poland,2015,611855,77783,138923,395149,256623,39561,71632,145430,355232,38222,67291,249719
Republic of Moldova,2015,142904,23340,79063,40501,50545,10730,28836,10979,92359,12610,50227,29522
Romania,2015,281048,117228,123711,40109,146758,60433,70274,16051,134290,56795,53437,24058
Russian Federation,2015,11643276,859701,9302470,1481105,5715211,448624,4678327,588260,5928065,411077,4624143,892845
Slovakia,2015,177624,21872,109074,46678,89011,11301,59597,18113,88613,10571,49477,28565
Ukraine,2015,4915142,280073,3617013,1018056,2113924,136724,1586250,390950,2801218,143349,2030763,627106
Northern Europe,2015,13188813,1583277,10034123,1571413,6335675,801328,4875879,658468,6853138,781949,5158244,912945
Channel Islands,2015,82307,7145,64013,11149,39338,3870,30926,4542,42969,3275,33087,6607
Denmark,2015,595876,67823,478233,49820,291431,34396,235788,21247,304445,33427,242445,28573
Estonia,2015,194664,3971,113251,77442,80024,1917,53417,24690,114640,2054,59834,52752
Faeroe Islands,2015,5517,2042,3031,444,2795,1032,1542,221,2722,1010,1489,223
Finland,2015,314856,43954,255367,15535,159315,22304,130453,6558,155541,21650,124914,8977
Iceland,2015,39072,7547,29917,1608,19070,3780,14641,649,20002,3767,15276,959
Ireland,2015,749943,139900,556073,53970,359898,68315,267273,24310,390045,71585,288800,29660
Isle of Man,2015,45221,4126,32621,8474,22393,2183,16445,3765,22828,1943,16176,4709
Latvia,2015,265418,7057,142020,116341,104011,3915,62758,37338,161407,3142,79262,79003
Lithuania,2015,136021,12198,81648,42175,57508,6113,37486,13909,78513,6085,44162,28266
Norway,2015,746375,107660,597199,41516,389370,54856,315483,19031,357005,52804,281716,22485
Sweden,2015,1602522,196009,1171751,234762,786870,102446,581232,103192,815652,93563,590519,131570
United Kingdom,2015,8411021,983845,6508999,918177,4023652,496201,3128435,399016,4387369,487644,3380564,519161
Southern Europe,2015,15830496,1602724,12803863,1423109,7434286,828741,6020493,584678,8396210,773983,6783370,838431
Albania,2015,52031,28698,20061,3272,26517,14283,10750,1484,25514,14415,9311,1788
Andorra,2015,42082,3310,32354,6418,22221,1655,17379,3187,19861,1655,14975,3231
Bosnia and Herzegovina,2015,38574,7296,27679,3599,18400,3965,12852,1583,20174,3331,14827,2016
Croatia,2015,575738,37499,413769,124470,267272,19115,195893,52264,308466,18384,217876,72206
Gibraltar,2015,11065,2826,7816,423,5591,1240,4114,237,5474,1586,3702,186
Greece,2015,1242924,95134,1035849,111941,570528,49400,476891,44237,672396,45734,558958,67704
Holy See,2015,803,0,0,0,374,0,0,0,429,0,0,0
Italy,2015,5805325,593372,4883999,327954,2637798,312539,2218999,106260,3167527,280833,2665000,221694
Malta,2015,42430,4209,33208,5013,22648,2323,17799,2526,19782,1886,15409,2487
Montenegro,2015,82541,8571,60642,13328,33547,4470,24274,4803,48994,4101,36368,8525
Portugal,2015,864814,80424,719399,64991,398390,40126,331790,26474,466424,40298,387609,38517
San Marino,2015,5174,830,4172,172,2864,399,2360,105,2310,431,1812,67
Serbia,2015,807441,30578,557588,219275,355180,15556,249790,89834,452261,15022,307798,129441
Slovenia,2015,237616,16318,181811,39487,134460,8652,105745,20063,103156,7666,76066,19424
Spain,2015,5891208,673442,4750143,467623,2884000,344669,2321644,217687,3007208,328773,2428499,249936
TFYR Macedonia,2015,130730,20217,75373,35140,54496,10349,30213,13934,76234,9868,45160,21206
Western Europe,2015,25601680,2153257,19398315,4050108,12506837,1108251,9483784,1914802,13094843,1045006,9914531,2135306
Austria,2015,1492374,138056,1149580,204738,716470,71658,558176,86636,775904,66398,591404,118102
Belgium,2015,1252380,245484,884598,122298,635948,124353,454662,56933,616432,121131,429936,65365
France,2015,7918382,720063,5512338,1685981,3826543,366022,2647700,812821,4091839,354041,2864638,873160
Germany,2015,10220418,647746,8165650,1407022,5037961,341816,4016061,680084,5182457,305930,4149589,726938
Liechtenstein,2015,23799,3579,17150,3070,11605,1827,8430,1348,12194,1752,8720,1722
Luxembourg,2015,260573,28503,203960,28110,132428,14654,104642,13132,128145,13849,99318,14978
Monaco,2015,21042,1947,12191,6904,10326,970,6071,3285,10716,977,6120,3619
Netherlands,2015,1996318,174332,1574858,247128,952313,87768,750456,114089,1044005,86564,824402,133039
Switzerland,2015,2416394,193547,1877990,344857,1183243,99183,937586,146474,1233151,94364,940404,198383
LATIN AMERICA AND THE CARIBBEAN,2015,9272027,2235022,5950421,1086584,4602014,1129715,2949035,523264,4670013,1105307,3001386,563320
Caribbean,2015,1385784,261272,1020449,104063,710393,133731,523793,52869,675391,127541,496656,51194
Anguilla,2015,5470,1359,3790,321,2593,632,1842,119,2877,727,1948,202
Antigua and Barbuda,2015,28083,4554,21692,1837,12524,2320,9372,832,15559,2234,12320,1005
Aruba,2015,36114,3839,29490,2785,16108,1901,13050,1157,20006,1938,16440,1628
Bahamas,2015,59306,7892,46052,5362,29994,4031,23181,2782,29312,3861,22871,2580
Barbados,2015,34475,6108,24809,3558,15488,3093,11020,1375,18987,3015,13789,2183
British Virgin Islands,2015,19132,2927,14787,1418,9430,1411,7272,747,9702,1516,7515,671
Caribbean Netherlands,2015,13002,2030,9533,1439,6292,1126,4509,657,6710,904,5024,782
Cayman Islands,2015,23726,3584,18213,1929,12143,1921,9239,983,11583,1663,8974,946
Cuba,2015,13336,1388,8989,2959,5950,769,3723,1458,7386,619,5266,1501
Curaçao,2015,37611,6310,26513,4788,15467,3112,10536,1819,22144,3198,15977,2969
Dominica,2015,6720,2874,3400,446,3528,1481,1827,220,3192,1393,1573,226
Dominican Republic,2015,415564,95685,303536,16343,251890,50160,190346,11384,163674,45525,113190,4959
Grenada,2015,7057,1919,4533,605,3502,1004,2204,294,3555,915,2329,311
Guadeloupe,2015,98507,27271,67146,4090,43858,13320,28359,2179,54649,13951,38787,1911
Haiti,2015,39529,9735,26745,3049,22774,5667,15322,1785,16755,4068,11423,1264
Jamaica,2015,23167,7218,13614,2335,11766,3783,6951,1032,11401,3435,6663,1303
Martinique,2015,61731,15192,42910,3629,26989,7188,18186,1615,34742,8004,24724,2014
Montserrat,2015,1351,370,883,98,696,202,454,40,655,168,429,58
Puerto Rico,2015,280494,24293,234299,21902,130916,12149,108585,10182,149578,12144,125714,11720
Saint Kitts and Nevis,2015,7443,2337,4595,511,3916,1172,2486,258,3527,1165,2109,253
Saint Lucia,2015,12771,3858,7790,1123,6446,1953,3912,581,6325,1905,3878,542
Saint Vincent and the Grenadines,2015,4577,1775,2532,270,2237,886,1225,126,2340,889,1307,144
Sint Maarten (Dutch part),2015,27295,6252,18935,2108,13077,2999,9088,990,14218,3253,9847,1118
Trinidad and Tobago,2015,49883,10291,31038,8554,24326,5302,15105,3919,25557,4989,15933,4635
Turks and Caicos Islands,2015,22719,5275,16553,891,11755,2720,8613,422,10964,2555,7940,469
United States Virgin Islands,2015,56721,6936,38072,11713,26728,3429,17386,5913,29993,3507,20686,5800
Central America,2015,2043212,911038,1012209,119965,1022596,459617,500940,62039,1020616,451421,511269,57926
Belize,2015,54674,7271,43349,4054,27502,3276,22025,2201,27172,3995,21324,1853
Costa Rica,2015,411697,44865,332057,34775,197613,21970,157753,17890,214084,22895,174304,16885
El Salvador,2015,42045,8117,31104,2824,19996,3970,14826,1200,22049,4147,16278,1624
Guatemala,2015,78352,17182,56583,4587,37136,9141,25676,2319,41216,8041,30907,2268
Honduras,2015,38317,7877,27774,2666,20116,3385,15154,1577,18201,4492,12620,1089
Mexico,2015,1193155,783234,358310,51611,604669,396269,182130,26270,588486,386965,176180,25341
Nicaragua,2015,40262,14857,23142,2263,20723,7626,11830,1267,19539,7231,11312,996
Panama,2015,184710,27635,139890,17185,94841,13980,71546,9315,89869,13655,68344,7870
South America,2015,5843031,1062712,3917763,862556,2869025,536367,1924302,408356,2974006,526345,1993461,454200
Argentina,2015,2086302,236395,1457194,392713,960310,114400,671576,174334,1125992,121995,785618,218379
Bolivia (Plurinational State of),2015,142989,52261,83134,7594,74939,26439,44675,3825,68050,25822,38459,3769
Brazil,2015,716568,107860,413083,195625,386838,56126,230932,99780,329730,51734,182151,95845
Chile,2015,469436,115746,323783,29907,221200,57700,149432,14068,248236,58046,174351,15839
Colombia,2015,139134,49449,79806,9879,74108,25677,43139,5292,65026,23772,36667,4587
Ecuador,2015,387513,156707,216824,13982,200352,81009,112189,7154,187161,75698,104635,6828
Falkland Islands (Malvinas),2015,1571,399,1091,81,873,228,603,42,698,171,488,39
French Guiana,2015,106108,17846,82809,5453,50399,8567,39186,2646,55709,9279,43623,2807
Guyana,2015,15384,3417,11105,862,8229,1672,6026,531,7155,1745,5079,331
Paraguay,2015,156462,31065,111373,14024,81303,15991,58164,7148,75159,15074,53209,6876
Peru,2015,91481,29293,51382,10806,45805,14849,26015,4941,45676,14444,25367,5865
Suriname,2015,46836,15906,28477,2453,25569,8428,15717,1424,21267,7478,12760,1029
Uruguay,2015,78799,17036,37816,23947,35642,8685,17053,9904,43157,8351,20763,14043
Venezuela (Bolivarian Republic of),2015,1404448,229332,1019886,155230,703458,116596,509595,77267,700990,112736,510291,77963
NORTHERN AMERICA,2015,55766224,4350297,42811575,8604352,27048230,2200557,21168215,3679458,28717994,2149740,21643360,4924894
Bermuda,2015,19126,2174,14874,2078,9336,1037,7466,833,9790,1137,7408,1245
Canada,2015,7561226,784210,5308899,1468117,3619492,400660,2532739,686093,3941734,383550,2776160,782024
Greenland,2015,6009,739,4858,412,3951,378,3222,351,2058,361,1636,61
Saint Pierre and Miquelon,2015,986,238,684,64,516,124,366,26,470,114,318,38
United States of America,2015,48178877,3562936,37482260,7133681,23414935,1798358,18624422,2992155,24763942,1764578,18857838,4141526
OCEANIA,2015,8051745,869611,5659438,1522696,3960480,447430,2774717,738333,4091265,422181,2884721,784363
Australia/New Zealand,2015,7750276,810156,5443088,1497032,3799017,417101,2657655,724261,3951259,393055,2785433,772771
Australia,2015,6710540,657065,4718475,1335000,3296230,338587,2311276,646367,3414310,318478,2407199,688633
New Zealand,2015,1039736,153091,724613,162032,502787,78514,346379,77894,536949,74577,378234,84138
Melanesia,2015,114595,23612,78311,12672,64613,12531,44919,7163,49982,11081,33392,5509
Fiji,2015,13751,3037,9456,1258,7421,1675,5044,702,6330,1362,4412,556
New Caledonia,2015,64290,8325,46377,9588,34621,4361,24950,5310,29669,3964,21427,4278
Papua New Guinea,2015,30782,10878,18466,1438,19538,5855,12743,940,11244,5023,5723,498
Solomon Islands,2015,2585,542,1832,211,1450,277,1058,115,1135,265,774,96
Vanuatu,2015,3187,830,2180,177,1583,363,1124,96,1604,467,1056,81
Micronesia,2015,115311,20461,87198,7652,58468,10044,44637,3787,56843,10417,42561,3865
Guam,2015,76089,13281,56644,6164,39246,6827,29353,3066,36843,6454,27291,3098
Kiribati,2015,2919,849,1951,119,1539,441,1038,60,1380,408,913,59
Marshall Islands,2015,3284,827,2327,130,2011,468,1468,75,1273,359,859,55
Micronesia (Fed. States of),2015,2756,649,1942,165,1473,289,1083,101,1283,360,859,64
Nauru,2015,3678,803,2631,244,2297,504,1638,155,1381,299,993,89
Northern Mariana Islands,2015,21648,3520,17442,686,9100,1242,7612,246,12548,2278,9830,440
Palau,2015,4937,532,4261,144,2802,273,2445,84,2135,259,1816,60
Polynesia,2015,71563,15382,50841,5340,38382,7754,27506,3122,33181,7628,23335,2218
American Samoa,2015,23513,3932,18003,1578,11998,1984,9213,801,11515,1948,8790,777
Cook Islands,2015,4152,1469,2489,194,2078,727,1281,70,2074,742,1208,124
French Polynesia,2015,30058,4778,22319,2961,17136,2438,12723,1975,12922,2340,9596,986
Niue,2015,557,259,277,21,302,128,164,10,255,131,113,11
Samoa,2015,4929,2358,2321,250,2469,1167,1178,124,2460,1191,1143,126
Tokelau,2015,487,268,192,27,233,122,104,7,254,146,88,20
Tonga,2015,4877,1537,3146,194,2650,790,1766,94,2227,747,1380,100
Tuvalu,2015,141,34,81,26,78,23,48,7,63,11,33,19
Wallis and Futuna Islands,2015,2849,747,2013,89,1438,375,1029,34,1411,372,984,55
WORLD,2017,257715425,36027461,191499592,30186965,133078858,18411502,101184828,13481818,124636567,17615959,90314764,16705147
More developed regions,2017,145983830,12490059,111273787,22219183,70354903,6381237,54348165,9625128,75628927,6108822,56925622,12594055
Less developed regions,2017,111731595,23537402,80225805,7967782,62723955,12030265,46836663,3856690,49007640,11507137,33389142,4111092
Least developed countries,2017,14441715,4496166,9241988,703561,7169094,2190449,4632935,345710,7272621,2305717,4609053,357851
"Less developed regions, excluding least developed countries",2017,97330919,19044820,71013779,7271714,55576421,9841607,42219764,3514713,41754498,9203213,28794015,3757001
High-income countries,2017,164846887,17275935,126989667,20581285,86173681,9057629,67972749,9143303,78673206,8218306,59016918,11437982
Middle-income countries,2017,81439828,15237066,57165428,9037334,41307350,7639392,29605467,4062491,40132478,7597674,27559961,4974843
Upper-middle-income countries,2017,49731791,8779531,35613516,5338744,25458896,4444590,18650119,2364187,24272895,4334941,16963397,2974557
Lower-middle-income countries,2017,31708037,6457535,21551912,3698590,15848454,3194802,10955348,1698304,15859583,3262733,10596564,2000286
Low-income countries,2017,10914651,3389863,6982549,542239,5354430,1653270,3438344,262816,5560221,1736593,3544205,279423
Sub-Saharan Africa,2017,22975988,6774838,15016830,1183714,12000898,3287686,8103727,609148,10975090,3487152,6913103,574566
AFRICA,2017,24650223,7156386,16215507,1277724,13032334,3497999,8874797,659201,11617889,3658387,7340710,618523
Eastern Africa,2017,7591799,2464399,4746677,380723,3789312,1206037,2392684,190591,3802487,1258362,2353993,190132
Burundi,2017,299569,89713,194933,14923,147599,38540,101970,7089,151970,51173,92963,7834
Comoros,2017,12555,2126,9550,879,6071,958,4661,452,6484,1168,4889,427
Djibouti,2017,116089,28735,82626,4728,61025,15571,42962,2492,55064,13164,39664,2236
Eritrea,2017,16041,4299,11085,657,8889,2446,6125,318,7152,1853,4960,339
Ethiopia,2017,1227143,574059,621304,31780,624222,295924,313364,14934,602921,278135,307940,16846
Kenya,2017,1078572,452852,576379,49341,538724,227234,286862,24628,539848,225618,289517,24713
Madagascar,2017,33844,6884,20395,6565,19278,2982,11491,4805,14566,3902,8904,1760
Malawi,2017,237104,57204,158383,21517,112936,27869,75734,9333,124168,29335,82649,12184
Mauritius,2017,28713,3611,23271,1831,15903,1856,12837,1210,12810,1755,10434,621
Mayotte,2017,74399,14976,55628,3795,34424,6983,25462,1979,39975,7993,30166,1816
Mozambique,2017,246954,79103,156712,11139,120843,37338,77770,5735,126111,41765,78942,5404
Réunion,2017,129153,41055,82773,5325,65524,20875,41600,3049,63629,20180,41173,2276
Rwanda,2017,443088,107733,317268,18087,220796,51949,163092,5755,222292,55784,154176,12332
Seychelles,2017,12926,1314,11083,529,9049,857,7822,370,3877,457,3261,159
Somalia,2017,44868,16780,26758,1330,23549,7841,14964,744,21319,8939,11794,586
South Sudan,2017,845239,269093,540823,35323,431520,128895,284474,18151,413719,140198,256349,17172
Uganda,2017,1692120,505329,1093799,92992,793851,230869,515242,47740,898269,274460,578557,45252
United Republic of Tanzania,2017,492574,114916,339955,37703,245897,61693,163808,20396,246677,53223,176147,17307
Zambia,2017,156982,32879,113377,10726,79331,15684,57610,6037,77651,17195,55767,4689
Zimbabwe,2017,403866,61738,310575,31553,229881,29673,184834,15374,173985,32065,125741,16179
Middle Africa,2017,3539697,1206623,2165809,167265,1825321,577278,1156165,91878,1714376,629345,1009644,75387
Angola,2017,638499,309636,293169,35694,307681,128637,161049,17995,330818,180999,132120,17699
Cameroon,2017,540266,189966,324599,25701,266653,95268,156278,15107,273613,94698,168321,10594
Central African Republic,2017,88774,24986,58574,5214,47030,12513,31745,2772,41744,12473,26829,2442
Chad,2017,489690,193919,276983,18788,225575,87444,127974,10157,264115,106475,149009,8631
Congo,2017,398890,117390,260794,20706,218503,64796,141021,12686,180387,52594,119773,8020
Democratic Republic of the Congo,2017,879223,291895,542013,45315,427877,147214,255822,24841,451346,144681,286191,20474
Equatorial Guinea,2017,221865,3225,216796,1844,170970,896,169281,793,50895,2329,47515,1051
Gabon,2017,280197,75180,191513,13504,159885,40303,112277,7305,120312,34877,79236,6199
Sao Tome and Principe,2017,2293,426,1368,499,1147,207,718,222,1146,219,650,277
Northern Africa,2017,2410056,637773,1618500,153783,1399818,339796,979547,80475,1010238,297977,638953,73308
Algeria,2017,248624,53326,168397,26901,131192,27617,91434,12141,117432,25709,76963,14760
Egypt,2017,478310,86489,366031,25790,257661,45247,199179,13235,220649,41242,166852,12555
Libya,2017,788419,207915,552934,27570,561454,119983,422942,18529,226965,87932,129992,9041
Morocco,2017,95835,21825,65311,8699,48099,11053,33367,3679,47736,10772,31944,5020
Sudan,2017,735821,256225,419823,59773,368382,129483,208477,30422,367439,126742,211346,29351
Tunisia,2017,57663,11006,42060,4597,29849,5861,21769,2219,27814,5145,20291,2378
Western Sahara,2017,5384,987,3944,453,3181,552,2379,250,2203,435,1565,203
Southern Africa,2017,4338205,783513,3265864,288828,2407541,380112,1909553,117876,1930664,403401,1356311,170952
Botswana,2017,166430,41461,117581,7388,91038,19533,67570,3935,75392,21928,50011,3453
Lesotho,2017,6749,1307,4932,510,3654,660,2717,277,3095,647,2215,233
Namibia,2017,95067,14186,72384,8497,51207,7337,39822,4048,43860,6849,32562,4449
South Africa,2017,4036696,719094,3048044,269558,2244421,348918,1787169,108334,1792275,370176,1260875,161224
Swaziland,2017,33263,7465,22923,2875,17221,3664,12275,1282,16042,3801,10648,1593
Western Africa,2017,6770466,2064078,4418657,287125,3610342,994776,2436848,178381,3160124,1069302,1981809,108744
Benin,2017,253284,72269,170029,10986,142168,35870,100434,5864,111116,36399,69595,5122
Burkina Faso,2017,708921,171697,509223,28001,337349,86812,238289,12248,371572,84885,270934,15753
Cabo Verde,2017,15295,1854,12440,1001,7735,944,6444,347,7560,910,5996,654
Côte d'Ivoire,2017,2197152,357472,1720451,119229,1216662,134138,997663,84861,980490,223334,722788,34368
Gambia,2017,205063,58972,137902,8189,108103,25540,77508,5055,96960,33432,60394,3134
Ghana,2017,417642,141094,257408,19140,212601,70469,130527,11605,205041,70625,126881,7535
Guinea,2017,122796,41954,73532,7310,72301,25185,42798,4318,50495,16769,30734,2992
Guinea-Bissau,2017,23405,9430,13182,793,11346,4701,6291,354,12059,4729,6891,439
Liberia,2017,98630,31903,63050,3677,56241,13663,40350,2228,42389,18240,22700,1449
Mali,2017,383721,122368,245434,15919,196630,63826,124634,8170,187091,58542,120800,7749
Mauritania,2017,168438,67212,95383,5843,95136,35827,56262,3047,73302,31385,39121,2796
Niger,2017,295610,116832,167211,11567,140113,54369,79343,6401,155497,62463,87868,5166
Nigeria,2017,1235088,639837,560091,35160,677624,329919,324121,23584,557464,309918,235970,11576
Saint Helena,2017,606,0,0,0,337,0,0,0,269,0,0,0
Senegal,2017,265601,74875,181649,9077,140941,40469,96152,4320,124660,34406,85497,4757
Sierra Leone,2017,95248,32226,59689,3333,52173,13652,36369,2152,43075,18574,23320,1181
Togo,2017,283966,124083,151983,7900,142882,59392,79663,3827,141084,64691,72320,4073
ASIA,2017,79586709,14439923,59420757,5726029,45851677,7550492,35586325,2714860,33735032,6889431,23834432,3011169
Central Asia,2017,5462972,634789,3764016,1064167,2631967,325643,1861707,444617,2831005,309146,1902309,619550
Kazakhstan,2017,3635168,471949,2608737,554482,1801999,240610,1325559,235830,1833169,231339,1283178,318652
Kyrgyzstan,2017,200294,17046,139869,43379,80964,8711,58223,14030,119330,8335,81646,29349
Tajikistan,2017,273259,19222,179997,74040,117821,9619,77815,30387,155438,9603,102182,43653
Turkmenistan,2017,195061,17070,119380,58611,90906,8893,56494,25519,104155,8177,62886,33092
Uzbekistan,2017,1159190,109502,716033,333655,540277,57810,343616,138851,618913,51692,372417,194804
Eastern Asia,2017,7776716,869881,5879202,1027633,3639527,462338,2693112,484077,4137189,407543,3186090,543556
China,2017,999527,230399,661791,107337,613317,141988,403536,67793,386210,88411,258255,39544
"China, Hong Kong SAR",2017,2883051,207751,2021185,654115,1137469,105440,726722,305307,1745582,102311,1294463,348808
"China, Macao SAR",2017,353654,25567,283240,44847,160668,12601,127742,20325,192986,12966,155498,24522
Dem. People's Republic of Korea,2017,48939,9593,35004,4342,24350,4870,17465,2015,24589,4723,17539,2327
Japan,2017,2321476,320102,1816252,185122,1044113,160970,810285,72858,1277363,159132,1005967,112264
Mongolia,2017,18204,2240,15195,769,13284,1314,11562,408,4920,926,3633,361
Republic of Korea,2017,1151865,74229,1046535,31101,646326,35155,595800,15371,505539,39074,450735,15730
Southern Asia,2017,13582402,1793064,10295216,1494122,6966127,907952,5318883,739292,6616275,885112,4976333,754830
Afghanistan,2017,133612,58236,73605,1771,66738,28090,37691,957,66874,30146,35914,814
Bangladesh,2017,1500921,316042,1142448,42431,791164,162531,606048,22585,709757,153511,536400,19846
Bhutan,2017,52296,7015,42625,2656,42406,4794,35756,1856,9890,2221,6869,800
India,2017,5188550,387051,3803320,998179,2657833,200900,1962029,494904,2530717,186151,1841291,503275
Iran (Islamic Republic of),2017,2699155,725238,1882481,91436,1430784,359357,1018101,53326,1268371,365881,864380,38110
Maldives,2017,67026,3832,62534,660,58759,2726,55490,543,8267,1106,7044,117
Nepal,2017,502670,55560,394801,52309,153928,26812,112740,14376,348742,28748,282061,37933
Pakistan,2017,3398154,224024,2873560,300570,1743606,114581,1480167,148858,1654548,109443,1393393,151712
Sri Lanka,2017,40018,16066,19842,4110,20909,8161,10861,1887,19109,7905,8981,2223
South-Eastern Asia,2017,9873600,1461492,7857733,554375,5126218,701386,4133857,290975,4747382,760106,3723876,263400
Brunei Darussalam,2017,108612,22210,79442,6960,61511,11616,46194,3701,47101,10594,33248,3259
Cambodia,2017,76329,8035,63903,4391,41129,4147,34741,2241,35200,3888,29162,2150
Indonesia,2017,345930,105104,222176,18650,201259,53244,136384,11631,144671,51860,85792,7019
Lao People's Democratic Republic,2017,45466,7715,35481,2270,24396,3265,20208,923,21070,4450,15273,1347
Malaysia,2017,2703629,318760,2316541,68328,1633054,170429,1423729,38896,1070575,148331,892812,29432
Myanmar,2017,74660,15664,52460,6536,40918,7022,31137,2759,33742,8642,21323,3777
Philippines,2017,218530,64236,130439,23855,113239,29916,69282,14041,105291,34320,61157,9814
Singapore,2017,2623404,341375,2046689,235340,1158202,156050,897859,104293,1465202,185325,1148830,131047
Thailand,2017,3588873,562867,2843463,182543,1802323,258398,1434019,109906,1786550,304469,1409444,72637
Timor-Leste,2017,12063,2349,9117,597,6100,977,4837,286,5963,1372,4280,311
Viet Nam,2017,76104,13177,58022,4905,44087,6322,35467,2298,32017,6855,22555,2607
Western Asia,2017,42891019,9680697,31624590,1585732,27487838,5153173,21578766,755899,15403181,4527524,10045824,829833
Armenia,2017,190719,18206,113237,59276,77221,9259,46555,21407,113498,8947,66682,37869
Azerbaijan,2017,259241,33593,179788,45860,124205,18365,86308,19532,135036,15228,93480,26328
Bahrain,2017,722649,120664,586841,15144,522347,65962,446957,9428,200302,54702,139884,5716
Cyprus,2017,188973,24105,149369,15499,82769,11587,63720,7462,106204,12518,85649,8037
Georgia,2017,78218,18295,42345,17578,34241,10712,18578,4951,43977,7583,23767,12627
Iraq,2017,366568,54913,295280,16375,213418,29774,176485,7159,153150,25139,118795,9216
Israel,2017,1962123,185074,1280166,496883,890390,91658,591327,207405,1071733,93416,688839,289478
Jordan,2017,3233553,1570711,1483813,179029,1628377,783761,756120,88496,1605176,786950,727693,90533
Kuwait,2017,3123431,602474,2471026,49931,2123292,462292,1623450,37550,1000139,140182,847576,12381
Lebanon,2017,1939212,853186,1013694,72332,932449,406563,492750,33136,1006763,446623,520944,39196
Oman,2017,2073292,112648,1952100,8544,1741326,59805,1675757,5764,331966,52843,276343,2780
Qatar,2017,1721392,283411,1416831,21150,1444688,216584,1212814,15290,276704,66827,204017,5860
Saudi Arabia,2017,12185284,2729506,9328676,127102,8341564,1374708,6888939,77917,3843720,1354798,2439737,49185
State of Palestine,2017,253735,45193,175912,32630,112452,23315,76026,13111,141283,21878,99886,19519
Syrian Arab Republic,2017,1013818,193565,802632,17621,517813,96695,413064,8054,496005,96870,389568,9567
Turkey,2017,4881966,1404194,3141634,336138,2292242,713720,1429164,149358,2589724,690474,1712470,186780
United Arab Emirates,2017,8312524,1308723,6949100,54701,6207324,716548,5449710,41066,2105200,592175,1499390,13635
Yemen,2017,384321,122236,242146,19939,201720,61865,131042,8813,182601,60371,111104,11126
EUROPE,2017,77895217,6998011,59756655,11139750,37384648,3595655,28988552,4800068,40510569,3402356,30768103,6339682
Eastern Europe,2017,20121711,1597056,14917899,3606756,9530943,815891,7307578,1407474,10590768,781165,7610321,2199282
Belarus,2017,1078652,38414,774089,266149,494014,20035,364774,109205,584638,18379,409315,156944
Bulgaria,2017,153803,49884,83589,20330,68229,23776,37805,6648,85574,26108,45784,13682
Czechia,2017,433290,29178,383259,20853,248560,14767,222755,11038,184730,14411,160504,9815
Hungary,2017,503787,64309,356805,82673,251937,33201,185308,33428,251850,31108,171497,49245
Poland,2017,640937,93020,206538,341379,274254,46089,108768,119397,366683,46931,97770,221982
Republic of Moldova,2017,140045,25278,75189,39578,49534,11499,27478,10557,90511,13779,47711,29021
Romania,2017,370753,163195,166983,40575,196804,83865,96631,16308,173949,79330,70352,24267
Russian Federation,2017,11651509,797981,9125111,1728417,5719253,418370,4607769,693114,5932256,379611,4517342,1035303
Slovakia,2017,184642,24322,111363,48957,93294,12533,61631,19130,91348,11789,49732,29827
Ukraine,2017,4964293,311475,3634973,1017845,2135064,151756,1594659,388649,2829229,159719,2040314,629196
Northern Europe,2017,13946390,1540656,10829948,1575786,6698633,781079,5259583,657971,7247757,759577,5570365,917815
Channel Islands,2017,83082,6706,64052,12324,39709,3639,31004,5066,43373,3067,33048,7258
Denmark,2017,656789,76942,525634,54213,324239,39355,261476,23408,332550,37587,264158,30805
Estonia,2017,192962,6784,114131,72047,80654,3201,54895,22558,112308,3583,59236,49489
Faeroe Islands,2017,5735,1867,3401,467,2940,953,1764,223,2795,914,1637,244
Finland,2017,343582,47557,278058,17967,174807,24328,142285,8194,168775,23229,135773,9773
Iceland,2017,41853,7574,32552,1727,20725,3802,16212,711,21128,3772,16340,1016
Ireland,2017,806549,139757,606263,60529,394255,69579,296329,28347,412294,70178,309934,32182
Isle of Man,2017,45872,4111,33393,8368,22716,2175,16827,3714,23156,1936,16566,4654
Latvia,2017,256889,7613,134088,115188,101028,4242,59660,37126,155861,3371,74428,78062
Lithuania,2017,124706,13318,71911,39477,51850,6663,32229,12958,72856,6655,39682,26519
Norway,2017,798944,114582,638682,45680,417087,58607,337244,21236,381857,55975,301438,24444
Sweden,2017,1747710,218994,1288097,240619,863205,114713,642049,106443,884505,104281,646048,134176
United Kingdom,2017,8841717,894851,7039686,907180,4205418,449822,3367609,387987,4636299,445029,3672077,519193
Southern Europe,2017,15957631,1570463,12860524,1525843,7482242,813845,6040049,627975,8475389,756618,6820475,897868
Albania,2017,52484,26515,24033,1936,26721,13861,12117,743,25763,12654,11916,1193
Andorra,2017,41039,3584,29962,7493,21560,1791,16036,3733,19479,1793,13926,3760
Bosnia and Herzegovina,2017,37100,6986,26537,3577,17697,3797,12325,1575,19403,3189,14212,2002
Croatia,2017,560483,35447,399117,125919,259274,17967,188725,52582,301209,17480,210392,73337
Gibraltar,2017,11152,2844,7776,532,5635,1245,4090,300,5517,1599,3686,232
Greece,2017,1220395,90867,1006304,123224,555797,47203,459706,48888,664598,43664,546598,74336
Holy See,2017,792,0,0,0,373,0,0,0,419,0,0,0
Italy,2017,5907461,603806,4969909,333746,2691899,319003,2265760,107136,3215562,284803,2704149,226610
Malta,2017,45539,4351,35929,5259,24308,2361,19322,2625,21231,1990,16607,2634
Montenegro,2017,70984,7190,51734,12060,27813,3673,19975,4165,43171,3517,31759,7895
Portugal,2017,880188,75577,729814,74797,410655,37373,341145,32137,469533,38204,388669,42660
San Marino,2017,5243,782,4249,212,2903,375,2396,132,2340,407,1853,80
Serbia,2017,801903,26141,518240,257522,352744,13390,233202,106152,449159,12751,285038,151370
Slovenia,2017,244790,17559,183681,43550,138120,9409,106528,22183,106670,8150,77153,21367
Spain,2017,5947106,648374,4798895,499837,2892146,331960,2328850,231336,3054960,316414,2470045,268501
TFYR Macedonia,2017,130972,20440,74344,36188,54597,10437,29872,14288,76375,10003,44472,21900
Western Europe,2017,27869485,2289836,21148284,4431365,13672830,1184840,10381342,2106648,14196655,1104996,10766942,2324717
Austria,2017,1660283,112976,1282565,264742,797082,58910,624927,113245,863201,54066,657638,151497
Belgium,2017,1268411,257117,887281,124013,644089,129904,456282,57903,624322,127213,430999,66110
France,2017,7902783,717632,5458809,1726342,3808841,365750,2609916,833175,4093942,351882,2848893,893167
Germany,2017,12165083,777919,9706195,1680969,6055267,413814,4820867,820586,6109816,364105,4885328,860383
Liechtenstein,2017,24683,3863,17525,3295,12013,1973,8598,1442,12670,1890,8927,1853
Luxembourg,2017,264073,28690,206347,29036,134207,14824,105729,13654,129866,13866,100618,15382
Monaco,2017,21255,2081,12481,6693,10431,1036,6214,3181,10824,1045,6267,3512
Netherlands,2017,2056520,186641,1609836,260043,983586,94841,768558,120187,1072934,91800,841278,139856
Switzerland,2017,2506394,202917,1967245,336232,1227314,103788,980251,143275,1279080,99129,986994,192957
LATIN AMERICA AND THE CARIBBEAN,2017,9508189,2202921,6184694,1120574,4718981,1113007,3066141,539833,4789208,1089914,3118553,580741
Caribbean,2017,1399747,250952,1034562,114233,718548,127746,532580,58222,681199,123206,501982,56011
Anguilla,2017,5579,1369,3742,468,2646,640,1830,176,2933,729,1912,292
Antigua and Barbuda,2017,28646,3767,21801,3078,12783,1922,9464,1397,15863,1845,12337,1681
Aruba,2017,36356,3746,29468,3142,16193,1856,13025,1312,20163,1890,16443,1830
Bahamas,2017,61806,8705,47588,5513,31259,4423,23976,2860,30547,4282,23612,2653
Barbados,2017,34660,5963,25225,3472,15572,3020,11209,1343,19088,2943,14016,2129
British Virgin Islands,2017,19959,2963,15406,1590,9838,1418,7588,832,10121,1545,7818,758
Caribbean Netherlands,2017,13508,1912,10053,1543,6537,1061,4768,708,6971,851,5285,835
Cayman Islands,2017,24355,3582,18698,2075,12465,1918,9487,1060,11890,1664,9211,1015
Cuba,2017,13136,1360,9039,2737,5861,754,3754,1353,7275,606,5285,1384
Curaçao,2017,38396,6172,27351,4873,15790,3047,10891,1852,22606,3125,16460,3021
Dominica,2017,6782,2688,3623,471,3561,1386,1947,228,3221,1302,1676,243
Dominican Republic,2017,424964,87029,319209,18726,257588,45022,199592,12974,167376,42007,119617,5752
Grenada,2017,7124,1913,4608,603,3536,1001,2240,295,3588,912,2368,308
Guadeloupe,2017,99350,27501,67714,4135,44234,13431,28596,2207,55116,14070,39118,1928
Haiti,2017,40533,10088,27145,3300,23353,5871,15547,1935,17180,4217,11598,1365
Jamaica,2017,23332,7083,13917,2332,11850,3712,7110,1028,11482,3371,6807,1304
Martinique,2017,61579,15172,42771,3636,26923,7177,18128,1618,34656,7995,24643,2018
Montserrat,2017,1364,375,880,109,703,206,452,45,661,169,428,64
Puerto Rico,2017,273494,23318,224066,26110,127649,11652,103787,12210,145845,11666,120279,13900
Saint Kitts and Nevis,2017,7587,2242,4771,574,3992,1121,2577,294,3595,1121,2194,280
Saint Lucia,2017,12889,3891,7855,1143,6506,1971,3946,589,6383,1920,3909,554
Saint Vincent and the Grenadines,2017,4595,1672,2612,311,2246,836,1265,145,2349,836,1347,166
Sint Maarten (Dutch part),2017,28260,5829,19950,2481,13540,2802,9571,1167,14720,3027,10379,1314
Trinidad and Tobago,2017,50214,10151,31813,8250,24488,5225,15480,3783,25726,4926,16333,4467
Turks and Caicos Islands,2017,24534,5451,17864,1219,12695,2813,9297,585,11839,2638,8567,634
United States Virgin Islands,2017,56745,7010,37393,12342,26740,3461,17053,6226,30005,3549,20340,6116
Central America,2017,2092819,908577,1057409,126833,1047594,458471,523313,65810,1045225,450106,534096,61023
Belize,2017,59998,7898,47373,4727,30180,3552,24064,2564,29818,4346,23309,2163
Costa Rica,2017,414214,44125,332412,37677,198822,21613,157837,19372,215392,22512,174575,18305
El Salvador,2017,42323,7963,31507,2853,20129,3900,15023,1206,22194,4063,16484,1647
Guatemala,2017,81528,17664,58804,5060,38642,9396,26692,2554,42886,8268,32112,2506
Honduras,2017,38700,7843,27973,2884,20318,3341,15278,1699,18382,4502,12695,1185
Mexico,2017,1224169,782099,389059,53011,620387,395836,197361,27190,603782,386263,191698,25821
Nicaragua,2017,41159,14557,24062,2540,21185,7469,12295,1421,19974,7088,11767,1119
Panama,2017,190728,26428,146219,18081,97931,13364,74763,9804,92797,13064,71456,8277
South America,2017,6015623,1043392,4092723,879508,2952839,526790,2010248,415801,3062784,516602,2082475,463707
Argentina,2017,2164524,217191,1538431,408902,996316,105379,709097,181840,1168208,111812,829334,227062
Bolivia (Plurinational State of),2017,148837,52439,88218,8180,78004,26487,47402,4115,70833,25952,40816,4065
Brazil,2017,735557,113832,443317,178408,397090,58909,247613,90568,338467,54923,195704,87840
Chile,2017,488571,119783,335358,33430,230217,59695,154715,15807,258354,60088,180643,17623
Colombia,2017,142319,48309,83609,10401,75805,25051,45194,5560,66514,23258,38415,4841
Ecuador,2017,399068,150420,230889,17759,206327,77702,119540,9085,192741,72718,111349,8674
Falkland Islands (Malvinas),2017,1579,380,1102,97,878,216,609,53,701,164,493,44
French Guiana,2017,111718,18063,87572,6083,53064,8679,41432,2953,58654,9384,46140,3130
Guyana,2017,15530,3447,11203,880,8308,1686,6077,545,7222,1761,5126,335
Paraguay,2017,160519,29850,115979,14690,83412,15370,60560,7482,77107,14480,55419,7208
Peru,2017,93780,26759,55580,11441,46957,13570,28165,5222,46823,13189,27415,6219
Suriname,2017,47699,16196,28995,2508,26041,8582,16005,1454,21658,7614,12990,1054
Uruguay,2017,79586,17539,41082,20965,35998,8932,18467,8599,43588,8607,22615,12366
Venezuela (Bolivarian Republic of),2017,1426336,229184,1031388,165764,714422,116532,515372,82518,711914,112652,516016,83246
NORTHERN AMERICA,2017,57664154,4351807,44009630,9302717,27968436,2204784,21779094,3984558,29695718,2147023,22230536,5318159
Bermuda,2017,18954,2243,14421,2290,9253,1075,7262,916,9701,1168,7159,1374
Canada,2017,7861226,830275,5518330,1512621,3763100,424464,2632099,706537,4098126,405811,2886231,806084
Greenland,2017,6014,736,4858,420,3955,376,3220,359,2059,360,1638,61
Saint Pierre and Miquelon,2017,990,236,682,72,519,124,365,30,471,112,317,42
United States of America,2017,49776970,3518317,38471339,7787314,24191609,1778745,19136148,3276716,25585361,1739572,19335191,4510598
OCEANIA,2017,8410933,878413,5912349,1620171,4122782,449565,2889919,783298,4288151,428848,3022430,836873
Australia/New Zealand,2017,8102983,820139,5691250,1591594,3957706,419828,2770234,767644,4145277,400311,2921016,823950
Australia,2017,7035560,681193,4942838,1411529,3441530,348502,2411999,681029,3594030,332691,2530839,730500
New Zealand,2017,1067423,138946,748412,180065,516176,71326,358235,86615,551247,67620,390177,93450
Melanesia,2017,118078,23673,80354,14051,66642,12597,46091,7954,51436,11076,34263,6097
Fiji,2017,13911,3016,9570,1325,7508,1663,5104,741,6403,1353,4466,584
New Caledonia,2017,66001,8096,47404,10501,35543,4239,25493,5811,30458,3857,21911,4690
Papua New Guinea,2017,32389,11188,19420,1781,20558,6055,13343,1160,11831,5133,6077,621
Solomon Islands,2017,2532,526,1778,228,1421,270,1027,124,1111,256,751,104
Vanuatu,2017,3245,847,2182,216,1612,370,1124,118,1633,477,1058,98
Micronesia,2017,117601,19940,89262,8399,59648,9751,45757,4140,57953,10189,43505,4259
Guam,2017,78027,12737,58841,6449,40246,6547,30495,3204,37781,6190,28346,3245
Kiribati,2017,3022,753,2123,146,1594,390,1129,75,1428,363,994,71
Marshall Islands,2017,3292,849,2281,162,2016,479,1441,96,1276,370,840,66
Micronesia (Fed. States of),2017,2785,638,1946,201,1489,286,1079,124,1296,352,867,77
Nauru,2017,3710,802,2624,284,2317,501,1633,183,1393,301,991,101
Northern Mariana Islands,2017,21777,3625,17213,939,9155,1274,7555,326,12622,2351,9658,613
Palau,2017,4988,536,4234,218,2831,274,2425,132,2157,262,1809,86
Polynesia,2017,72271,14661,51483,6127,38786,7389,27837,3560,33485,7272,23646,2567
American Samoa,2017,23561,3549,18037,1975,12023,1793,9222,1008,11538,1756,8815,967
Cook Islands,2017,4213,1412,2586,215,2109,698,1333,78,2104,714,1253,137
French Polynesia,2017,30687,4792,22692,3203,17495,2440,12913,2142,13192,2352,9779,1061
Niue,2017,553,252,284,17,300,123,169,8,253,129,115,9
Samoa,2017,4879,2188,2404,287,2444,1083,1217,144,2435,1105,1187,143
Tokelau,2017,504,250,221,33,242,115,119,8,262,135,102,25
Tonga,2017,4952,1529,3186,237,2691,784,1792,115,2261,745,1394,122
Tuvalu,2017,143,32,77,34,79,22,46,11,64,10,31,23
Wallis and Futuna Islands,2017,2779,657,1996,126,1403,331,1026,46,1376,326,970,80
